0.000000000000000000e+00
4.651162790697674354e-01
9.302325581395348708e-01
1.395348837209302362e+00
1.860465116279069742e+00
2.325581395348837344e+00
2.790697674418604723e+00
3.255813953488372103e+00
3.720930232558139483e+00
4.186046511627907307e+00
4.651162790697674687e+00
5.116279069767442067e+00
5.581395348837209447e+00
6.046511627906976827e+00
6.511627906976744207e+00
6.976744186046511587e+00
7.441860465116278966e+00
7.906976744186046346e+00
8.372093023255814614e+00
8.837209302325581106e+00
9.302325581395349374e+00
9.767441860465115866e+00
1.023255813953488413e+01
1.069767441860465063e+01
1.116279069767441889e+01
1.162790697674418539e+01
1.209302325581395365e+01
1.255813953488372015e+01
1.302325581395348841e+01
1.348837209302325491e+01
1.395348837209302317e+01
1.441860465116278966e+01
1.488372093023255793e+01
1.534883720930232620e+01
1.581395348837209269e+01
1.627906976744186096e+01
1.674418604651162923e+01
1.720930232558139394e+01
1.767441860465116221e+01
1.813953488372093048e+01
1.860465116279069875e+01
1.906976744186046346e+01
1.953488372093023173e+01
2.000000000000000000e+01
2.046511627906976827e+01
2.093023255813953298e+01
2.139534883720930125e+01
2.186046511627906952e+01
