0.000000000000000000e+00
5.263157894736841813e-01
1.052631578947368363e+00
1.578947368421052655e+00
2.105263157894736725e+00
2.631578947368420796e+00
3.157894736842105310e+00
3.684210526315789380e+00
4.210526315789473450e+00
4.736842105263157521e+00
5.263157894736841591e+00
5.789473684210525661e+00
6.315789473684210620e+00
6.842105263157894690e+00
7.368421052631578760e+00
7.894736842105262831e+00
8.421052631578946901e+00
8.947368421052631859e+00
9.473684210526315042e+00
1.000000000000000000e+01
1.052631578947368318e+01
1.105263157894736814e+01
1.157894736842105132e+01
1.210526315789473628e+01
1.263157894736842124e+01
1.315789473684210442e+01
1.368421052631578938e+01
1.421052631578947256e+01
1.473684210526315752e+01
1.526315789473684070e+01
1.578947368421052566e+01
1.631578947368420884e+01
1.684210526315789380e+01
1.736842105263157876e+01
1.789473684210526372e+01
1.842105263157894512e+01
1.894736842105263008e+01
1.947368421052631504e+01
2.000000000000000000e+01
2.052631578947368141e+01
2.105263157894736636e+01
2.157894736842105132e+01
2.210526315789473628e+01
2.263157894736842124e+01
2.315789473684210265e+01
2.368421052631578760e+01
2.421052631578947256e+01
2.473684210526315752e+01
