0.000000000000000000e+00
4.379562043795620641e-01
8.759124087591241281e-01
1.313868613138686303e+00
1.751824817518248256e+00
2.189781021897810209e+00
2.627737226277372606e+00
3.065693430656934559e+00
3.503649635036496512e+00
3.941605839416058465e+00
4.379562043795620419e+00
4.817518248175182372e+00
5.255474452554745213e+00
5.693430656934307166e+00
6.131386861313869119e+00
6.569343065693431072e+00
7.007299270072993025e+00
7.445255474452554978e+00
7.883211678832116931e+00
8.321167883211678884e+00
8.759124087591240837e+00
9.197080291970802790e+00
9.635036496350364743e+00
1.007299270072992670e+01
1.051094890510949043e+01
1.094890510948905238e+01
1.138686131386861433e+01
1.182481751824817628e+01
1.226277372262773824e+01
1.270072992700730019e+01
1.313868613138686214e+01
1.357664233576642410e+01
1.401459854014598605e+01
1.445255474452554800e+01
1.489051094890510996e+01
1.532846715328467191e+01
1.576642335766423386e+01
1.620437956204379759e+01
1.664233576642335777e+01
1.708029197080292150e+01
1.751824817518248167e+01
1.795620437956204540e+01
1.839416058394160558e+01
1.883211678832116931e+01
1.927007299270072949e+01
1.970802919708029322e+01
2.014598540145985339e+01
2.058394160583941712e+01
2.102189781021898085e+01
2.145985401459854103e+01
2.189781021897810476e+01
2.233576642335766493e+01
2.277372262773722866e+01
2.321167883211678884e+01
2.364963503649635257e+01
2.408759124087591275e+01
2.452554744525547648e+01
2.496350364963503665e+01
2.540145985401460038e+01
2.583941605839416056e+01
2.627737226277372429e+01
2.671532846715328446e+01
2.715328467153284819e+01
2.759124087591240837e+01
