0.000000000000000000e+00
4.225352112676056260e-01
8.450704225352112520e-01
1.267605633802816989e+00
1.690140845070422504e+00
2.112676056338028019e+00
2.535211267605633978e+00
2.957746478873239493e+00
3.380281690140845008e+00
3.802816901408450523e+00
4.225352112676056038e+00
4.647887323943661997e+00
5.070422535211267956e+00
5.492957746478873027e+00
5.915492957746478986e+00
6.338028169014084057e+00
6.760563380281690016e+00
7.183098591549295975e+00
7.605633802816901046e+00
8.028169014084506117e+00
8.450704225352112076e+00
8.873239436619718035e+00
9.295774647887323994e+00
9.718309859154929953e+00
1.014084507042253591e+01
1.056338028169014009e+01
1.098591549295774605e+01
1.140845070422535201e+01
1.183098591549295797e+01
1.225352112676056393e+01
1.267605633802816811e+01
1.309859154929577407e+01
1.352112676056338003e+01
1.394366197183098599e+01
1.436619718309859195e+01
1.478873239436619613e+01
1.521126760563380209e+01
1.563380281690140805e+01
1.605633802816901223e+01
1.647887323943661997e+01
1.690140845070422415e+01
1.732394366197183189e+01
1.774647887323943607e+01
1.816901408450704025e+01
1.859154929577464799e+01
1.901408450704225217e+01
1.943661971830985991e+01
1.985915492957746409e+01
2.028169014084507182e+01
2.070422535211267601e+01
2.112676056338028019e+01
2.154929577464788792e+01
2.197183098591549211e+01
2.239436619718309984e+01
2.281690140845070403e+01
2.323943661971830821e+01
2.366197183098591594e+01
2.408450704225352013e+01
2.450704225352112786e+01
2.492957746478873204e+01
2.535211267605633623e+01
2.577464788732394396e+01
2.619718309859154814e+01
2.661971830985915588e+01
