0.000000000000000000e+00
4.054054054054054279e-01
8.108108108108108558e-01
1.216216216216216228e+00
1.621621621621621712e+00
2.027027027027027195e+00
2.432432432432432456e+00
2.837837837837838162e+00
3.243243243243243423e+00
3.648648648648648685e+00
4.054054054054054390e+00
4.459459459459459651e+00
4.864864864864864913e+00
5.270270270270270174e+00
5.675675675675676324e+00
6.081081081081081585e+00
6.486486486486486847e+00
6.891891891891892108e+00
7.297297297297297369e+00
7.702702702702703519e+00
8.108108108108108780e+00
8.513513513513514042e+00
8.918918918918919303e+00
9.324324324324324564e+00
9.729729729729729826e+00
1.013513513513513509e+01
1.054054054054054035e+01
1.094594594594594739e+01
1.135135135135135265e+01
1.175675675675675791e+01
1.216216216216216317e+01
1.256756756756756843e+01
1.297297297297297369e+01
1.337837837837837895e+01
1.378378378378378422e+01
1.418918918918918948e+01
1.459459459459459474e+01
1.500000000000000000e+01
1.540540540540540704e+01
1.581081081081081230e+01
1.621621621621621756e+01
1.662162162162162105e+01
1.702702702702702808e+01
1.743243243243243512e+01
1.783783783783783861e+01
1.824324324324324564e+01
1.864864864864864913e+01
1.905405405405405617e+01
1.945945945945945965e+01
1.986486486486486669e+01
2.027027027027027017e+01
2.067567567567567721e+01
2.108108108108108070e+01
2.148648648648648773e+01
2.189189189189189477e+01
2.229729729729729826e+01
2.270270270270270530e+01
2.310810810810810878e+01
2.351351351351351582e+01
2.391891891891891930e+01
2.432432432432432634e+01
2.472972972972972983e+01
2.513513513513513686e+01
2.554054054054054035e+01
