0.000000000000000000e+00
6.818181818181817677e-01
1.363636363636363535e+00
2.045454545454545414e+00
2.727272727272727071e+00
3.409090909090908728e+00
4.090909090909090828e+00
4.772727272727272485e+00
5.454545454545454142e+00
6.136363636363635798e+00
6.818181818181817455e+00
7.499999999999999112e+00
8.181818181818181657e+00
8.863636363636363313e+00
9.545454545454544970e+00
1.022727272727272663e+01
1.090909090909090828e+01
1.159090909090908994e+01
1.227272727272727160e+01
1.295454545454545325e+01
1.363636363636363491e+01
1.431818181818181657e+01
1.499999999999999822e+01
1.568181818181817988e+01
1.636363636363636331e+01
1.704545454545454319e+01
1.772727272727272663e+01
1.840909090909090651e+01
1.909090909090908994e+01
1.977272727272726982e+01
2.045454545454545325e+01
2.113636363636363313e+01
2.181818181818181657e+01
2.250000000000000000e+01
2.318181818181817988e+01
2.386363636363636331e+01
2.454545454545454319e+01
2.522727272727272663e+01
2.590909090909090651e+01
2.659090909090908994e+01
2.727272727272726982e+01
2.795454545454545325e+01
2.863636363636363313e+01
2.931818181818181657e+01
2.999999999999999645e+01
3.068181818181817988e+01
3.136363636363635976e+01
3.204545454545453964e+01
3.272727272727272663e+01
3.340909090909090651e+01
3.409090909090908639e+01
3.477272727272727337e+01
3.545454545454545325e+01
3.613636363636363313e+01
3.681818181818181301e+01
3.750000000000000000e+01
3.818181818181817988e+01
3.886363636363635976e+01
3.954545454545453964e+01
4.022727272727272663e+01
4.090909090909090651e+01
4.159090909090908639e+01
4.227272727272726627e+01
4.295454545454545325e+01
