0.000000000000000000e+00
3.614457831325301185e-01
7.228915662650602370e-01
1.084337349397590300e+00
1.445783132530120474e+00
1.807228915662650648e+00
2.168674698795180600e+00
2.530120481927710774e+00
2.891566265060240948e+00
3.253012048192771122e+00
3.614457831325301296e+00
3.975903614457831470e+00
4.337349397590361200e+00
4.698795180722891374e+00
5.060240963855421548e+00
5.421686746987951722e+00
5.783132530120481896e+00
6.144578313253012070e+00
6.506024096385542244e+00
6.867469879518072418e+00
7.228915662650602592e+00
7.590361445783132766e+00
7.951807228915662940e+00
8.313253012048193114e+00
8.674698795180722399e+00
9.036144578313253461e+00
9.397590361445782747e+00
9.759036144578313809e+00
1.012048192771084310e+01
1.048192771084337416e+01
1.084337349397590344e+01
1.120481927710843451e+01
1.156626506024096379e+01
1.192771084337349308e+01
1.228915662650602414e+01
1.265060240963855342e+01
1.301204819277108449e+01
1.337349397590361377e+01
1.373493975903614484e+01
1.409638554216867412e+01
1.445783132530120518e+01
1.481927710843373447e+01
1.518072289156626553e+01
1.554216867469879482e+01
1.590361445783132588e+01
1.626506024096385516e+01
1.662650602409638623e+01
1.698795180722891729e+01
1.734939759036144480e+01
1.771084337349397586e+01
1.807228915662650692e+01
1.843373493975903443e+01
1.879518072289156549e+01
1.915662650602409656e+01
1.951807228915662762e+01
1.987951807228915513e+01
2.024096385542168619e+01
2.060240963855421725e+01
2.096385542168674831e+01
2.132530120481927582e+01
2.168674698795180689e+01
2.204819277108433795e+01
2.240963855421686901e+01
2.277108433734939652e+01
