0.000000000000000000e+00
4.081632653061224580e-01
8.163265306122449161e-01
1.224489795918367374e+00
1.632653061224489832e+00
2.040816326530612290e+00
2.448979591836734748e+00
2.857142857142857206e+00
3.265306122448979664e+00
3.673469387755102122e+00
4.081632653061224580e+00
4.489795918367347483e+00
4.897959183673469497e+00
5.306122448979591510e+00
5.714285714285714413e+00
6.122448979591837315e+00
6.530612244897959329e+00
6.938775510204081343e+00
7.346938775510204245e+00
7.755102040816327147e+00
8.163265306122449161e+00
8.571428571428571175e+00
8.979591836734694965e+00
9.387755102040816979e+00
9.795918367346938993e+00
1.020408163265306101e+01
1.061224489795918302e+01
1.102040816326530681e+01
1.142857142857142883e+01
1.183673469387755084e+01
1.224489795918367463e+01
1.265306122448979664e+01
1.306122448979591866e+01
1.346938775510204067e+01
1.387755102040816269e+01
1.428571428571428648e+01
1.469387755102040849e+01
1.510204081632653050e+01
1.551020408163265429e+01
1.591836734693877631e+01
1.632653061224489832e+01
1.673469387755102034e+01
1.714285714285714235e+01
1.755102040816326436e+01
1.795918367346938993e+01
1.836734693877551194e+01
1.877551020408163396e+01
1.918367346938775597e+01
