0.000000000000000000e+00
4.580152671755725047e-01
9.160305343511450094e-01
1.374045801526717625e+00
1.832061068702290019e+00
2.290076335877862412e+00
2.748091603053435250e+00
3.206106870229007644e+00
3.664122137404580037e+00
4.122137404580152875e+00
4.580152671755724825e+00
5.038167938931297662e+00
5.496183206106870500e+00
5.954198473282442450e+00
6.412213740458015288e+00
6.870229007633587237e+00
7.328244274809160075e+00
7.786259541984732913e+00
8.244274809160305750e+00
8.702290076335877700e+00
9.160305343511449649e+00
9.618320610687023375e+00
1.007633587786259532e+01
1.053435114503816727e+01
1.099236641221374100e+01
1.145038167938931295e+01
1.190839694656488490e+01
1.236641221374045685e+01
1.282442748091603058e+01
1.328244274809160252e+01
1.374045801526717447e+01
1.419847328244274820e+01
1.465648854961832015e+01
1.511450381679389210e+01
1.557251908396946583e+01
1.603053435114503600e+01
1.648854961832061150e+01
1.694656488549618345e+01
1.740458015267175540e+01
1.786259541984732735e+01
1.832061068702289930e+01
1.877862595419847125e+01
1.923664122137404675e+01
1.969465648854961870e+01
2.015267175572519065e+01
2.061068702290076260e+01
2.106870229007633455e+01
2.152671755725190650e+01
2.198473282442748200e+01
2.244274809160305395e+01
2.290076335877862590e+01
2.335877862595419785e+01
2.381679389312976980e+01
2.427480916030534175e+01
2.473282442748091370e+01
2.519083969465648920e+01
2.564885496183206115e+01
2.610687022900763310e+01
2.656488549618320505e+01
2.702290076335877700e+01
2.748091603053434895e+01
2.793893129770992445e+01
2.839694656488549640e+01
2.885496183206106835e+01
