0.000000000000000000e+00
4.615384615384615641e-01
9.230769230769231282e-01
1.384615384615384581e+00
1.846153846153846256e+00
2.307692307692307931e+00
2.769230769230769162e+00
3.230769230769230838e+00
3.692307692307692513e+00
4.153846153846154188e+00
4.615384615384615863e+00
5.076923076923077538e+00
5.538461538461538325e+00
6.000000000000000000e+00
6.461538461538461675e+00
6.923076923076923350e+00
7.384615384615385025e+00
7.846153846153846700e+00
8.307692307692308376e+00
8.769230769230770051e+00
9.230769230769231726e+00
9.692307692307693401e+00
1.015384615384615508e+01
1.061538461538461675e+01
1.107692307692307665e+01
1.153846153846153832e+01
1.200000000000000000e+01
1.246153846153846168e+01
1.292307692307692335e+01
1.338461538461538503e+01
1.384615384615384670e+01
1.430769230769230838e+01
1.476923076923077005e+01
1.523076923076923173e+01
1.569230769230769340e+01
1.615384615384615330e+01
1.661538461538461675e+01
1.707692307692307665e+01
1.753846153846154010e+01
1.800000000000000000e+01
1.846153846153846345e+01
1.892307692307692335e+01
1.938461538461538680e+01
1.984615384615384670e+01
2.030769230769231015e+01
2.076923076923077005e+01
2.123076923076923350e+01
2.169230769230769340e+01
