0.000000000000000000e+00
5.454545454545454142e-01
1.090909090909090828e+00
1.636363636363636243e+00
2.181818181818181657e+00
2.727272727272727071e+00
3.272727272727272485e+00
3.818181818181817899e+00
4.363636363636363313e+00
4.909090909090908283e+00
5.454545454545454142e+00
6.000000000000000000e+00
6.545454545454544970e+00
7.090909090909089940e+00
7.636363636363635798e+00
8.181818181818181657e+00
8.727272727272726627e+00
9.272727272727271597e+00
9.818181818181816567e+00
1.036363636363636331e+01
1.090909090909090828e+01
1.145454545454545325e+01
1.200000000000000000e+01
1.254545454545454497e+01
1.309090909090908994e+01
1.363636363636363491e+01
1.418181818181817988e+01
1.472727272727272663e+01
1.527272727272727160e+01
1.581818181818181657e+01
1.636363636363636331e+01
1.690909090909090651e+01
1.745454545454545325e+01
1.800000000000000000e+01
1.854545454545454319e+01
1.909090909090908994e+01
1.963636363636363313e+01
2.018181818181817988e+01
2.072727272727272663e+01
2.127272727272726982e+01
2.181818181818181657e+01
2.236363636363636331e+01
2.290909090909090651e+01
2.345454545454545325e+01
2.400000000000000000e+01
2.454545454545454319e+01
2.509090909090908994e+01
2.563636363636363313e+01
2.618181818181817988e+01
2.672727272727272663e+01
2.727272727272726982e+01
2.781818181818181657e+01
2.836363636363635976e+01
2.890909090909090651e+01
2.945454545454545325e+01
2.999999999999999645e+01
3.054545454545454319e+01
3.109090909090908994e+01
3.163636363636363313e+01
3.218181818181817988e+01
3.272727272727272663e+01
3.327272727272727337e+01
3.381818181818181301e+01
3.436363636363635976e+01
