0.000000000000000000e+00
5.607476635514018204e-01
1.121495327102803641e+00
1.682242990654205350e+00
2.242990654205607282e+00
2.803738317757009213e+00
3.364485981308410700e+00
3.925233644859812632e+00
4.485981308411214563e+00
5.046728971962616050e+00
5.607476635514018426e+00
6.168224299065419913e+00
6.728971962616821401e+00
7.289719626168223776e+00
7.850467289719625263e+00
8.411214953271027639e+00
8.971962616822429126e+00
9.532710280373830614e+00
1.009345794392523210e+01
1.065420560747663536e+01
1.121495327102803685e+01
1.177570093457943834e+01
1.233644859813083983e+01
1.289719626168224131e+01
1.345794392523364280e+01
1.401869158878504606e+01
1.457943925233644755e+01
1.514018691588784904e+01
1.570093457943925053e+01
1.626168224299065201e+01
1.682242990654205528e+01
1.738317757009345499e+01
1.794392523364485825e+01
1.850467289719626152e+01
1.906542056074766123e+01
1.962616822429906449e+01
2.018691588785046420e+01
2.074766355140186747e+01
2.130841121495327073e+01
2.186915887850467044e+01
2.242990654205607370e+01
2.299065420560747341e+01
2.355140186915887668e+01
2.411214953271027994e+01
2.467289719626167965e+01
2.523364485981308292e+01
2.579439252336448263e+01
2.635514018691588589e+01
2.691588785046728560e+01
2.747663551401868887e+01
2.803738317757009213e+01
2.859813084112149184e+01
2.915887850467289510e+01
2.971962616822429482e+01
3.028037383177569808e+01
3.084112149532710134e+01
3.140186915887850105e+01
3.196261682242990432e+01
3.252336448598130403e+01
3.308411214953270729e+01
3.364485981308411056e+01
3.420560747663551382e+01
3.476635514018690998e+01
3.532710280373831324e+01
