0.000000000000000000e+00
3.896103896103896291e-01
7.792207792207792583e-01
1.168831168831168998e+00
1.558441558441558517e+00
1.948051948051948035e+00
2.337662337662337997e+00
2.727272727272727515e+00
3.116883116883117033e+00
3.506493506493506551e+00
3.896103896103896069e+00
4.285714285714285587e+00
4.675324675324675994e+00
5.064935064935065512e+00
5.454545454545455030e+00
5.844155844155844548e+00
6.233766233766234066e+00
6.623376623376623584e+00
7.012987012987013102e+00
7.402597402597402620e+00
7.792207792207792139e+00
8.181818181818181657e+00
8.571428571428571175e+00
8.961038961038960693e+00
9.350649350649351987e+00
9.740259740259741505e+00
1.012987012987013102e+01
1.051948051948052054e+01
1.090909090909091006e+01
1.129870129870129958e+01
1.168831168831168910e+01
1.207792207792207861e+01
1.246753246753246813e+01
1.285714285714285765e+01
1.324675324675324717e+01
1.363636363636363669e+01
1.402597402597402620e+01
1.441558441558441572e+01
1.480519480519480524e+01
1.519480519480519476e+01
1.558441558441558428e+01
1.597402597402597557e+01
1.636363636363636331e+01
1.675324675324675283e+01
1.714285714285714235e+01
1.753246753246753187e+01
1.792207792207792139e+01
1.831168831168831090e+01
1.870129870129870397e+01
1.909090909090909349e+01
1.948051948051948301e+01
1.987012987012987253e+01
2.025974025974026205e+01
2.064935064935065157e+01
2.103896103896104108e+01
2.142857142857143060e+01
2.181818181818182012e+01
2.220779220779220964e+01
2.259740259740259916e+01
2.298701298701298867e+01
2.337662337662337819e+01
2.376623376623376771e+01
2.415584415584415723e+01
2.454545454545454675e+01
