0.000000000000000000e+00
5.042016806722688926e-01
1.008403361344537785e+00
1.512605042016806678e+00
2.016806722689075571e+00
2.521008403361344463e+00
3.025210084033613356e+00
3.529411764705882248e+00
4.033613445378151141e+00
4.537815126050420034e+00
5.042016806722688926e+00
5.546218487394957819e+00
6.050420168067226712e+00
6.554621848739495604e+00
7.058823529411764497e+00
7.563025210084033390e+00
8.067226890756302282e+00
8.571428571428571175e+00
9.075630252100840067e+00
9.579831932773108960e+00
1.008403361344537785e+01
1.058823529411764675e+01
1.109243697478991564e+01
1.159663865546218453e+01
1.210084033613445342e+01
1.260504201680672232e+01
1.310924369747899121e+01
1.361344537815126010e+01
1.411764705882352899e+01
1.462184873949579789e+01
1.512605042016806678e+01
1.563025210084033567e+01
1.613445378151260456e+01
1.663865546218487168e+01
1.714285714285714235e+01
1.764705882352941302e+01
1.815126050420168013e+01
1.865546218487394725e+01
1.915966386554621792e+01
1.966386554621848859e+01
2.016806722689075571e+01
2.067226890756302282e+01
2.117647058823529349e+01
2.168067226890756416e+01
2.218487394957983128e+01
2.268907563025209839e+01
2.319327731092436906e+01
2.369747899159663973e+01
2.420168067226890685e+01
2.470588235294117396e+01
2.521008403361344463e+01
2.571428571428571530e+01
2.621848739495798242e+01
2.672268907563024953e+01
2.722689075630252020e+01
2.773109243697479087e+01
2.823529411764705799e+01
2.873949579831932510e+01
2.924369747899159577e+01
2.974789915966386644e+01
3.025210084033613356e+01
3.075630252100840067e+01
3.126050420168067134e+01
3.176470588235294201e+01
