0.000000000000000000e+00
5.357142857142856984e-01
1.071428571428571397e+00
1.607142857142857206e+00
2.142857142857142794e+00
2.678571428571428381e+00
3.214285714285714413e+00
3.750000000000000000e+00
4.285714285714285587e+00
4.821428571428571175e+00
5.357142857142856762e+00
5.892857142857142350e+00
6.428571428571428825e+00
6.964285714285714413e+00
7.500000000000000000e+00
8.035714285714284699e+00
8.571428571428571175e+00
9.107142857142857650e+00
9.642857142857142350e+00
1.017857142857142883e+01
1.071428571428571352e+01
1.125000000000000000e+01
1.178571428571428470e+01
1.232142857142857117e+01
1.285714285714285765e+01
1.339285714285714235e+01
1.392857142857142883e+01
1.446428571428571352e+01
1.500000000000000000e+01
1.553571428571428470e+01
1.607142857142856940e+01
1.660714285714285765e+01
1.714285714285714235e+01
1.767857142857142705e+01
1.821428571428571530e+01
1.875000000000000000e+01
1.928571428571428470e+01
1.982142857142856940e+01
2.035714285714285765e+01
2.089285714285714235e+01
2.142857142857142705e+01
2.196428571428571530e+01
2.250000000000000000e+01
2.303571428571428470e+01
2.357142857142856940e+01
2.410714285714285765e+01
2.464285714285714235e+01
2.517857142857142705e+01
2.571428571428571530e+01
2.625000000000000000e+01
2.678571428571428470e+01
2.732142857142856940e+01
2.785714285714285765e+01
2.839285714285714235e+01
2.892857142857142705e+01
2.946428571428571175e+01
3.000000000000000000e+01
3.053571428571428470e+01
3.107142857142856940e+01
3.160714285714285765e+01
3.214285714285713880e+01
3.267857142857143060e+01
3.321428571428571530e+01
3.375000000000000000e+01
