0.000000000000000000e+00
6.666666666666666297e-01
1.333333333333333259e+00
2.000000000000000000e+00
2.666666666666666519e+00
3.333333333333333037e+00
4.000000000000000000e+00
4.666666666666666075e+00
5.333333333333333037e+00
6.000000000000000000e+00
6.666666666666666075e+00
7.333333333333333037e+00
8.000000000000000000e+00
8.666666666666666075e+00
9.333333333333332149e+00
1.000000000000000000e+01
1.066666666666666607e+01
1.133333333333333215e+01
1.200000000000000000e+01
1.266666666666666607e+01
1.333333333333333215e+01
1.400000000000000000e+01
1.466666666666666607e+01
1.533333333333333215e+01
1.600000000000000000e+01
1.666666666666666430e+01
1.733333333333333215e+01
1.800000000000000000e+01
1.866666666666666430e+01
1.933333333333333215e+01
2.000000000000000000e+01
2.066666666666666430e+01
2.133333333333333215e+01
2.200000000000000000e+01
2.266666666666666430e+01
2.333333333333333215e+01
2.400000000000000000e+01
2.466666666666666430e+01
2.533333333333333215e+01
2.600000000000000000e+01
2.666666666666666430e+01
2.733333333333333215e+01
2.800000000000000000e+01
2.866666666666666430e+01
2.933333333333333215e+01
3.000000000000000000e+01
3.066666666666666430e+01
3.133333333333333215e+01
