0.000000000000000000e+00
7.058823529411765163e-01
1.411764705882353033e+00
2.117647058823529438e+00
2.823529411764706065e+00
3.529411764705882693e+00
4.235294117647058876e+00
4.941176470588235503e+00
5.647058823529412130e+00
6.352941176470588758e+00
7.058823529411765385e+00
7.764705882352942012e+00
8.470588235294117752e+00
9.176470588235295267e+00
9.882352941176471006e+00
1.058823529411764852e+01
1.129411764705882426e+01
1.200000000000000000e+01
1.270588235294117752e+01
1.341176470588235325e+01
1.411764705882353077e+01
1.482352941176470651e+01
1.552941176470588402e+01
1.623529411764706154e+01
1.694117647058823550e+01
1.764705882352941302e+01
1.835294117647059053e+01
1.905882352941176450e+01
1.976470588235294201e+01
2.047058823529411953e+01
2.117647058823529704e+01
2.188235294117647101e+01
2.258823529411764852e+01
2.329411764705882604e+01
2.400000000000000000e+01
2.470588235294117752e+01
2.541176470588235503e+01
2.611764705882353255e+01
2.682352941176470651e+01
2.752941176470588402e+01
2.823529411764706154e+01
2.894117647058823550e+01
2.964705882352941302e+01
3.035294117647059053e+01
3.105882352941176805e+01
3.176470588235294201e+01
3.247058823529412308e+01
3.317647058823529704e+01
3.388235294117647101e+01
3.458823529411765207e+01
3.529411764705882604e+01
3.600000000000000000e+01
3.670588235294118107e+01
3.741176470588235503e+01
3.811764705882352899e+01
3.882352941176471006e+01
3.952941176470588402e+01
4.023529411764705799e+01
4.094117647058823906e+01
4.164705882352941302e+01
4.235294117647059409e+01
4.305882352941176805e+01
4.376470588235294201e+01
4.447058823529412308e+01
