0.000000000000000000e+00
5.128205128205127750e-01
1.025641025641025550e+00
1.538461538461538325e+00
2.051282051282051100e+00
2.564102564102563875e+00
3.076923076923076650e+00
3.589743589743589425e+00
4.102564102564102200e+00
4.615384615384614975e+00
5.128205128205127750e+00
5.641025641025640525e+00
6.153846153846153300e+00
6.666666666666666075e+00
7.179487179487178850e+00
7.692307692307691624e+00
8.205128205128204399e+00
8.717948717948717174e+00
9.230769230769229949e+00
9.743589743589742724e+00
1.025641025641025550e+01
1.076923076923076827e+01
1.128205128205128105e+01
1.179487179487179382e+01
1.230769230769230660e+01
1.282051282051281937e+01
1.333333333333333215e+01
1.384615384615384492e+01
1.435897435897435770e+01
1.487179487179487047e+01
1.538461538461538325e+01
1.589743589743589602e+01
1.641025641025640880e+01
1.692307692307691980e+01
1.743589743589743435e+01
1.794871794871794890e+01
1.846153846153845990e+01
1.897435897435897090e+01
1.948717948717948545e+01
2.000000000000000000e+01
2.051282051282051100e+01
2.102564102564102200e+01
2.153846153846153655e+01
2.205128205128205110e+01
2.256410256410256210e+01
2.307692307692307310e+01
2.358974358974358765e+01
2.410256410256410220e+01
2.461538461538461320e+01
2.512820512820512420e+01
2.564102564102563875e+01
2.615384615384615330e+01
2.666666666666666430e+01
2.717948717948717530e+01
2.769230769230768985e+01
2.820512820512820440e+01
2.871794871794871540e+01
2.923076923076922640e+01
2.974358974358974095e+01
3.025641025641025550e+01
3.076923076923076650e+01
3.128205128205127750e+01
3.179487179487179205e+01
3.230769230769230660e+01
