0.000000000000000000e+00
8.823529411764705621e-01
1.764705882352941124e+00
2.647058823529411686e+00
3.529411764705882248e+00
4.411764705882353255e+00
5.294117647058823373e+00
6.176470588235293491e+00
7.058823529411764497e+00
7.941176470588235503e+00
8.823529411764706509e+00
9.705882352941175739e+00
1.058823529411764675e+01
1.147058823529411775e+01
1.235294117647058698e+01
1.323529411764705799e+01
1.411764705882352899e+01
1.500000000000000000e+01
1.588235294117647101e+01
1.676470588235294201e+01
1.764705882352941302e+01
1.852941176470588047e+01
1.941176470588235148e+01
2.029411764705882248e+01
2.117647058823529349e+01
2.205882352941176450e+01
2.294117647058823550e+01
2.382352941176470651e+01
2.470588235294117396e+01
2.558823529411764497e+01
2.647058823529411598e+01
2.735294117647058698e+01
2.823529411764705799e+01
2.911764705882352899e+01
3.000000000000000000e+01
3.088235294117647101e+01
3.176470588235294201e+01
3.264705882352941302e+01
3.352941176470588402e+01
3.441176470588235503e+01
3.529411764705882604e+01
3.617647058823528994e+01
3.705882352941176094e+01
3.794117647058823195e+01
3.882352941176470296e+01
3.970588235294117396e+01
4.058823529411764497e+01
4.147058823529411598e+01
