0.000000000000000000e+00
5.555555555555555802e-01
1.111111111111111160e+00
1.666666666666666741e+00
2.222222222222222321e+00
2.777777777777777679e+00
3.333333333333333481e+00
3.888888888888889284e+00
4.444444444444444642e+00
5.000000000000000000e+00
5.555555555555555358e+00
6.111111111111111605e+00
6.666666666666666963e+00
7.222222222222222321e+00
7.777777777777778567e+00
8.333333333333333925e+00
8.888888888888889284e+00
9.444444444444444642e+00
1.000000000000000000e+01
1.055555555555555536e+01
1.111111111111111072e+01
1.166666666666666785e+01
1.222222222222222321e+01
1.277777777777777857e+01
1.333333333333333393e+01
1.388888888888888928e+01
1.444444444444444464e+01
1.500000000000000000e+01
1.555555555555555713e+01
1.611111111111111072e+01
1.666666666666666785e+01
1.722222222222222143e+01
1.777777777777777857e+01
1.833333333333333570e+01
1.888888888888888928e+01
1.944444444444444642e+01
2.000000000000000000e+01
2.055555555555555713e+01
2.111111111111111072e+01
2.166666666666666785e+01
2.222222222222222143e+01
2.277777777777777857e+01
2.333333333333333570e+01
2.388888888888888928e+01
2.444444444444444642e+01
2.500000000000000000e+01
2.555555555555555713e+01
2.611111111111111072e+01
2.666666666666666785e+01
2.722222222222222499e+01
2.777777777777777857e+01
2.833333333333333570e+01
2.888888888888888928e+01
2.944444444444444642e+01
3.000000000000000000e+01
3.055555555555555713e+01
3.111111111111111427e+01
3.166666666666666785e+01
3.222222222222222143e+01
3.277777777777777857e+01
3.333333333333333570e+01
3.388888888888889284e+01
3.444444444444444287e+01
3.500000000000000000e+01
