0.000000000000000000e+00
6.185567010309278579e-01
1.237113402061855716e+00
1.855670103092783574e+00
2.474226804123711432e+00
3.092783505154639290e+00
3.711340206185567148e+00
4.329896907216495450e+00
4.948453608247422864e+00
5.567010309278350277e+00
6.185567010309278579e+00
6.804123711340206881e+00
7.422680412371134295e+00
8.041237113402061709e+00
8.659793814432990899e+00
9.278350515463918313e+00
9.896907216494845727e+00
1.051546391752577314e+01
1.113402061855670055e+01
1.175257731958762975e+01
1.237113402061855716e+01
1.298969072164948457e+01
1.360824742268041376e+01
1.422680412371134118e+01
1.484536082474226859e+01
1.546391752577319600e+01
1.608247422680412342e+01
1.670103092783505261e+01
1.731958762886598180e+01
1.793814432989690744e+01
1.855670103092783663e+01
1.917525773195876226e+01
1.979381443298969145e+01
2.041237113402062064e+01
2.103092783505154628e+01
2.164948453608247547e+01
2.226804123711340111e+01
2.288659793814433030e+01
2.350515463917525949e+01
2.412371134020618513e+01
2.474226804123711432e+01
2.536082474226804351e+01
2.597938144329896915e+01
2.659793814432989834e+01
2.721649484536082753e+01
2.783505154639175316e+01
2.845360824742268235e+01
2.907216494845360799e+01
