0.000000000000000000e+00
3.208556149732620377e-01
6.417112299465240755e-01
9.625668449197861687e-01
1.283422459893048151e+00
1.604278074866310133e+00
1.925133689839572337e+00
2.245989304812834320e+00
2.566844919786096302e+00
2.887700534759358284e+00
3.208556149732620266e+00
3.529411764705882248e+00
3.850267379679144675e+00
4.171122994652406213e+00
4.491978609625668639e+00
4.812834224598930177e+00
5.133689839572192604e+00
5.454545454545455030e+00
5.775401069518716568e+00
6.096256684491978994e+00
6.417112299465240532e+00
6.737967914438502959e+00
7.058823529411764497e+00
7.379679144385026923e+00
7.700534759358289350e+00
8.021390374331550888e+00
8.342245989304812426e+00
8.663101604278075740e+00
8.983957219251337278e+00
9.304812834224598816e+00
9.625668449197860355e+00
9.946524064171123669e+00
1.026737967914438521e+01
1.058823529411764675e+01
1.090909090909091006e+01
1.122994652406417160e+01
1.155080213903743314e+01
1.187165775401069467e+01
1.219251336898395799e+01
1.251336898395721953e+01
1.283422459893048106e+01
1.315508021390374438e+01
1.347593582887700592e+01
1.379679144385026746e+01
1.411764705882352899e+01
1.443850267379679231e+01
1.475935828877005385e+01
1.508021390374331538e+01
1.540106951871657870e+01
1.572192513368984024e+01
1.604278074866310178e+01
1.636363636363636331e+01
1.668449197860962485e+01
1.700534759358288639e+01
1.732620320855615148e+01
1.764705882352941302e+01
1.796791443850267456e+01
1.828877005347593609e+01
1.860962566844919763e+01
1.893048128342245917e+01
1.925133689839572071e+01
1.957219251336898580e+01
1.989304812834224734e+01
2.021390374331550888e+01
