0.000000000000000000e+00
7.142857142857143016e-01
1.428571428571428603e+00
2.142857142857142794e+00
2.857142857142857206e+00
3.571428571428571619e+00
4.285714285714285587e+00
5.000000000000000000e+00
5.714285714285714413e+00
6.428571428571428825e+00
7.142857142857143238e+00
7.857142857142857650e+00
8.571428571428571175e+00
9.285714285714286476e+00
1.000000000000000000e+01
1.071428571428571530e+01
1.142857142857142883e+01
1.214285714285714235e+01
1.285714285714285765e+01
1.357142857142857117e+01
1.428571428571428648e+01
1.500000000000000000e+01
1.571428571428571530e+01
1.642857142857143060e+01
1.714285714285714235e+01
1.785714285714285765e+01
1.857142857142857295e+01
1.928571428571428470e+01
2.000000000000000000e+01
2.071428571428571530e+01
2.142857142857143060e+01
2.214285714285714235e+01
2.285714285714285765e+01
2.357142857142857295e+01
2.428571428571428470e+01
2.500000000000000000e+01
2.571428571428571530e+01
2.642857142857143060e+01
2.714285714285714235e+01
2.785714285714285765e+01
2.857142857142857295e+01
2.928571428571428470e+01
3.000000000000000000e+01
3.071428571428571530e+01
3.142857142857143060e+01
3.214285714285714590e+01
3.285714285714286120e+01
3.357142857142856940e+01
3.428571428571428470e+01
3.500000000000000000e+01
3.571428571428571530e+01
3.642857142857143060e+01
3.714285714285714590e+01
3.785714285714286120e+01
3.857142857142856940e+01
3.928571428571428470e+01
4.000000000000000000e+01
4.071428571428571530e+01
4.142857142857143060e+01
4.214285714285714590e+01
4.285714285714286120e+01
4.357142857142856940e+01
4.428571428571428470e+01
4.500000000000000000e+01
