0.029024943	63.9729
0.034829932	63.913
0.040634921	63.8426
0.046439909	63.3276
0.052244898	63.5242
0.058049887	63.2013
0.063854875	63.1206
0.069659864	63.4487
0.075464853	63.1548
0.081269841	63.0059
0.087074830	63.1513
0.092879819	63.0509
0.098684807	62.9375
0.104489796	63.1241
0.110294785	63.0691
0.116099773	62.7789
0.121904762	62.8289
0.127709751	63.125
0.133514739	62.9579
0.139319728	0
0.145124717	0
0.150929705	0
0.156734694	0
0.162539683	0
0.168344671	0
0.174149660	0
0.179954649	63.8362
0.185759637	64.0505
0.191564626	64.7945
0.197369615	64.9798
0.203174603	65.0366
0.208979592	65.1047
0.214784580	65.1941
0.220589569	65.3057
0.226394558	65.3676
0.232199546	65.3618
0.238004535	65.3937
0.243809524	65.503
0.249614512	65.7019
0.255419501	0
0.261224490	0
0.267029478	0
0.272834467	0
0.278639456	0
0.284444444	0
0.290249433	0
0.296054422	0
0.301859410	0
0.307664399	0
0.313469388	0
0.319274376	0
0.325079365	0
0.330884354	0
0.336689342	0
0.342494331	0
0.348299320	66.1611
0.354104308	65.5176
0.359909297	65.1701
0.365714286	65.0297
0.371519274	64.8792
0.377324263	64.7325
0.383129252	64.6335
0.388934240	64.5192
0.394739229	64.4899
0.400544218	64.471
0.406349206	64.4605
0.412154195	64.4695
0.417959184	64.4788
0.423764172	64.466
0.429569161	64.4564
0.435374150	64.398
0.441179138	64.3988
0.446984127	64.3216
0.452789116	64.3172
0.458594104	64.3174
0.464399093	64.1531
0.470204082	63.9467
0.476009070	64.0152
0.481814059	64.1695
0.487619048	0
0.493424036	0
0.499229025	0
0.505034014	0
0.510839002	0
0.516643991	75.9336
0.522448980	75.3781
0.528253968	73.7368
0.534058957	73.7437
0.539863946	73.2013
0.545668934	73.1662
0.551473923	73.1767
0.557278912	72.7848
0.563083900	73.0337
0.568888889	72.7433
0.574693878	72.7971
0.580498866	72.7574
0.586303855	72.6698
0.592108844	72.864
0.597913832	72.6647
0.603718821	72.8548
0.609523810	72.8188
0.615328798	72.7929
0.621133787	72.9812
0.626938776	72.8431
0.632743764	72.9353
0.638548753	73.1483
0.644353741	73.1989
0.650158730	73.1308
0.655963719	73.4875
0.661768707	73.0118
0.667573696	71.7671
0.673378685	71.408
0.679183673	71.4241
0.684988662	71.2925
0.690793651	72.6441
0.696598639	72.7929
0.702403628	72.2998
0.708208617	72.3992
0.714013605	72.4861
0.719818594	72.1757
0.725623583	72.4693
0.731428571	72.1407
0.737233560	72.1732
0.743038549	72.1851
0.748843537	71.9217
0.754648526	72.1127
0.760453515	71.8076
0.766258503	71.8234
0.772063492	71.8648
0.777868481	71.6358
0.783673469	71.7212
0.789478458	71.6192
0.795283447	71.3474
0.801088435	71.1245
0.806893424	70.9294
0.812698413	0
0.818503401	0
0.824308390	0
0.830113379	0
0.835918367	0
0.841723356	0
0.847528345	0
0.853333333	0
0.859138322	75.856
0.864943311	75.2267
0.870748299	74.0584
0.876553288	73.0079
0.882358277	73.2462
0.888163265	72.9898
0.893968254	73.0784
0.899773243	73.1991
0.905578231	73.0888
0.911383220	73.1352
0.917188209	73.1696
0.922993197	73.1137
0.928798186	73.2207
0.934603175	73.1588
0.940408163	73.1093
0.946213152	73.1708
0.952018141	73.0867
0.957823129	73.1107
0.963628118	73.0846
0.969433107	73.117
0.975238095	73.1033
0.981043084	73.0697
0.986848073	73.0758
0.992653061	73.0037
0.998458050	73.0011
1.004263039	73.041
1.010068027	73.0589
1.015873016	73.0524
1.021678005	73.0159
1.027482993	72.9859
1.033287982	72.9689
1.039092971	72.9639
1.044897959	73.0242
1.050702948	73.0504
1.056507937	73.0161
1.062312925	72.9418
1.068117914	72.9324
1.073922902	72.9885
1.079727891	72.9658
1.085532880	73.0414
1.091337868	73.0511
1.097142857	72.9662
1.102947846	72.8735
1.108752834	72.9125
1.114557823	73.0597
1.120362812	73.1062
1.126167800	73.1782
1.131972789	73.9704
1.137777778	74.8427
1.143582766	76.1608
1.149387755	76.9699
1.155192744	0
1.160997732	0
1.166802721	0
1.172607710	0
1.178412698	63.9633
1.184217687	63.7981
1.190022676	63.819
1.195827664	63.9627
1.201632653	64.1545
1.207437642	63.9057
1.213242630	63.6643
1.219047619	63.3329
1.224852608	63.2835
1.230657596	63.2963
1.236462585	63.2128
1.242267574	63.261
1.248072562	63.2705
1.253877551	63.1915
1.259682540	63.1739
1.265487528	63.0845
1.271292517	62.9474
1.277097506	62.8759
1.282902494	63.0013
1.288707483	62.9522
1.294512472	63.1587
1.300317460	63.1355
1.306122449	62.8017
1.311927438	62.1606
1.317732426	0
1.323537415	0
1.329342404	0
1.335147392	0
1.340952381	73.1209
1.346757370	72.9941
1.352562358	72.8417
1.358367347	72.8596
1.364172336	72.8292
1.369977324	72.776
1.375782313	72.6748
1.381587302	72.6707
1.387392290	72.6488
1.393197279	72.564
1.399002268	72.5171
1.404807256	72.4732
1.410612245	72.4531
1.416417234	72.4521
1.422222222	72.4202
1.428027211	72.3652
1.433832200	72.281
1.439637188	72.2258
1.445442177	72.273
1.451247166	72.2981
1.457052154	72.1985
1.462857143	72.1108
1.468662132	71.9672
1.474467120	71.5657
1.480272109	71.6973
1.486077098	0
1.491882086	0
1.497687075	0
1.503492063	0
1.509297052	0
1.515102041	72.4441
1.520907029	72.9268
1.526712018	72.4317
1.532517007	72.7933
1.538321995	72.6123
1.544126984	72.4417
1.549931973	72.4898
1.555736961	72.1777
1.561541950	72.3854
1.567346939	72.1924
1.573151927	72.1663
1.578956916	72.1632
1.584761905	71.9749
1.590566893	72.1246
1.596371882	71.9361
1.602176871	72.0139
1.607981859	71.9505
1.613786848	71.8572
1.619591837	71.9454
1.625396825	71.6931
1.631201814	71.5955
1.637006803	71.3871
1.642811791	0
1.648616780	0
1.654421769	0
1.660226757	0
1.666031746	0
1.671836735	0
1.677641723	97.8192
1.683446712	97.6933
1.689251701	96.9706
1.695056689	96.9013
1.700861678	97.1786
1.706666667	97.1712
1.712471655	97.1225
1.718276644	97.1636
1.724081633	97.1324
1.729886621	97.1109
1.735691610	97.1362
1.741496599	97.1465
1.747301587	97.2227
1.753106576	97.2237
1.758911565	97.3142
1.764716553	97.3399
1.770521542	97.3838
1.776326531	97.3947
1.782131519	97.3998
1.787936508	97.3839
1.793741497	97.3601
1.799546485	97.494
1.805351474	97.4923
1.811156463	97.1906
1.816961451	97.1149
1.822766440	97.5937
1.828571429	98.4126
1.834376417	100.493
1.840181406	101.558
1.845986395	98.6857
1.851791383	98.1108
1.857596372	97.415
1.863401361	97.2598
1.869206349	98.0228
1.875011338	97.942
1.880816327	98.2101
1.886621315	98.35
1.892426304	98.2495
1.898231293	98.4271
1.904036281	98.3624
1.909841270	98.4679
1.915646259	98.4321
1.921451247	98.222
1.927256236	98.456
1.933061224	98.4425
1.938866213	98.635
1.944671202	98.6145
1.950476190	98.5178
1.956281179	98.6113
1.962086168	98.8122
1.967891156	99.0847
1.973696145	99.0889
1.979501134	98.6898
1.985306122	96.5691
1.991111111	0
1.996916100	0
2.002721088	0
2.008526077	0
2.014331066	0
2.020136054	81.5263
2.025941043	77.3813
2.031746032	75.9923
2.037551020	74.0848
2.043356009	73.512
2.049160998	73.2334
2.054965986	72.9843
2.060770975	73.5159
2.066575964	72.9884
2.072380952	73.5542
2.078185941	73.2332
2.083990930	73.0012
2.089795918	73.2035
2.095600907	72.5401
2.101405896	73.1783
2.107210884	72.4821
2.113015873	72.7596
2.118820862	72.7681
2.124625850	72.0944
2.130430839	73.0943
2.136235828	73.0694
2.142040816	73.9432
2.147845805	73.9448
2.153650794	75.5583
2.159455782	78.7038
2.165260771	79.6172
2.171065760	80.9459
2.176870748	80.9576
2.182675737	81.4783
2.188480726	81.4971
2.194285714	77.7895
2.200090703	75.5648
2.205895692	74.4251
2.211700680	74.8872
2.217505669	75.0746
2.223310658	75.0839
2.229115646	74.4137
2.234920635	73.4977
2.240725624	73.4225
2.246530612	72.7153
2.252335601	72.0467
2.258140590	72.1682
2.263945578	71.5502
2.269750567	72.254
2.275555556	72.9378
2.281360544	72.7713
2.287165533	73.1096
2.292970522	74.5435
2.298775510	76.8939
2.304580499	77.69
2.310385488	0
2.316190476	0
2.321995465	0
2.327800454	0
2.333605442	0
2.339410431	0
2.345215420	69.7454
2.351020408	69.2682
2.356825397	69.1282
2.362630385	137.863
2.368435374	137.937
2.374240363	137.721
2.380045351	137.398
2.385850340	137.265
2.391655329	137.295
2.397460317	137.365
2.403265306	137.517
2.409070295	137.458
2.414875283	137.617
2.420680272	137.673
2.426485261	137.656
2.432290249	137.79
2.438095238	137.727
2.443900227	137.689
2.449705215	137.82
2.455510204	137.784
2.461315193	137.75
2.467120181	137.878
2.472925170	137.621
2.478730159	68.7436
2.484535147	69.1213
2.490340136	71.4675
2.496145125	76.3397
2.501950113	149.883
2.507755102	145.932
2.513560091	142.249
2.519365079	138.864
2.525170068	138.428
2.530975057	138.584
2.536780045	138.492
2.542585034	138.342
2.548390023	138.184
2.554195011	138.144
2.560000000	138.154
2.565804989	138.231
2.571609977	138.456
2.577414966	138.441
2.583219955	138.578
2.589024943	138.578
2.594829932	138.583
2.600634921	138.71
2.606439909	138.633
2.612244898	138.457
2.618049887	138.176
2.623854875	138.023
2.629659864	137.705
2.635464853	137.711
2.641269841	68.5058
2.647074830	68.1349
2.652879819	0
2.658684807	0
2.664489796	0
2.670294785	0
2.676099773	0
2.681904762	0
2.687709751	0
2.693514739	65.2608
2.699319728	64.8228
2.705124717	64.8651
2.710929705	64.711
2.716734694	64.5661
2.722539683	64.5978
2.728344671	64.368
2.734149660	64.33
2.739954649	64.4625
2.745759637	64.1497
2.751564626	64.3169
2.757369615	64.2262
2.763174603	63.7442
2.768979592	64.007
2.774784580	63.8741
2.780589569	63.4592
2.786394558	63.7317
2.792199546	63.5647
2.798004535	63.0401
2.803809524	63.7014
2.809614512	63.799
2.815419501	0
2.821224490	0
2.827029478	0
2.832834467	0
2.838639456	0
2.844444444	65.2917
2.850249433	65.272
2.856054422	65.221
2.861859410	65.1674
2.867664399	65.2018
2.873469388	65.2461
2.879274376	65.3181
2.885079365	65.3886
2.890884354	65.4388
2.896689342	65.4532
2.902494331	65.4762
2.908299320	65.5497
2.914104308	65.6752
2.919909297	65.7543
2.925714286	65.8214
2.931519274	65.8339
2.937324263	65.8628
2.943129252	65.8529
2.948934240	65.7431
2.954739229	65.4647
2.960544218	64.9646
2.966349206	64.1597
2.972154195	63.4164
2.977959184	0
2.983764172	0
2.989569161	0
2.995374150	0
3.001179138	0
3.006984127	66.5357
3.012789116	66.1049
3.018594104	65.7185
3.024399093	65.3412
3.030204082	65.2034
3.036009070	65.0253
3.041814059	64.8773
3.047619048	64.6156
3.053424036	64.4992
3.059229025	64.4607
3.065034014	64.4604
3.070839002	64.4426
3.076643991	64.4463
3.082448980	64.4684
3.088253968	64.4664
3.094058957	64.4747
3.099863946	64.4486
3.105668934	64.4346
3.111473923	64.4143
3.117278912	64.439
3.123083900	64.4445
3.128888889	64.5681
3.134693878	64.7606
3.140498866	65.0779
3.146303855	65.2985
3.152108844	0
3.157913832	0
3.163718821	0
3.169523810	0
3.175328798	0
3.181133787	0
3.186938776	72.9273
3.192743764	72.9339
3.198548753	72.6976
3.204353741	72.5867
3.210158730	72.6758
3.215963719	72.5479
3.221768707	72.6084
3.227573696	72.5906
3.233378685	72.5184
3.239183673	72.6087
3.244988662	72.4947
3.250793651	72.5802
3.256598639	72.5122
3.262403628	72.4855
3.268208617	72.5799
3.274013605	72.4723
3.279818594	72.5964
3.285623583	72.5558
3.291428571	72.6256
3.297233560	72.68
3.303038549	72.5595
3.308843537	72.6974
3.314648526	72.318
3.320453515	71.5531
3.326258503	0
3.332063492	0
3.337868481	0
3.343673469	0
3.349478458	0
3.355283447	72.8337
3.361088435	72.8921
3.366893424	72.5863
3.372698413	72.4193
3.378503401	72.3921
3.384308390	72.2891
3.390113379	72.4563
3.395918367	72.3299
3.401723356	72.3577
3.407528345	72.3566
3.413333333	72.2916
3.419138322	72.3718
3.424943311	72.259
3.430748299	72.318
3.436553288	72.2292
3.442358277	72.2638
3.448163265	72.3476
3.453968254	72.3955
3.459773243	72.3453
3.465578231	72.5109
3.471383220	72.7415
3.477188209	73.0661
3.482993197	0
3.488798186	0
3.494603175	0
3.500408163	0
3.506213152	0
3.512018141	0
3.517823129	72.6443
3.523628118	72.6562
3.529433107	72.7266
3.535238095	72.368
3.541043084	72.3665
3.546848073	72.3297
3.552653061	72.3011
3.558458050	72.3649
3.564263039	72.286
3.570068027	72.3299
3.575873016	72.3148
3.581678005	72.3908
3.587482993	72.3847
3.593287982	72.4471
3.599092971	72.4483
3.604897959	72.4076
3.610702948	72.4815
3.616507937	72.4118
3.622312925	72.4996
3.628117914	72.5027
3.633922902	72.5286
3.639727891	72.5523
3.645532880	72.4939
3.651337868	72.5843
3.657142857	72.5289
3.662947846	72.5927
3.668752834	72.6487
3.674557823	72.6319
3.680362812	72.6724
3.686167800	72.661
3.691972789	72.7015
3.697777778	72.6773
3.703582766	72.7423
3.709387755	72.7921
3.715192744	72.7625
3.720997732	72.8318
3.726802721	72.8341
3.732607710	72.8098
3.738412698	72.8563
3.744217687	72.8959
3.750022676	72.9172
3.755827664	72.9557
3.761632653	73.0082
3.767437642	72.9926
3.773242630	72.9597
3.779047619	73.039
3.784852608	73.0996
3.790657596	73.1666
3.796462585	73.3268
3.802267574	73.3243
3.808072562	73.0538
3.813877551	72.2667
3.819682540	0
3.825487528	0
3.831292517	0
3.837097506	0
3.842902494	0
3.848707483	0
3.854512472	65.3196
3.860317460	64.752
3.866122449	64.9929
3.871927438	64.6489
3.877732426	64.601
3.883537415	64.5894
3.889342404	64.3868
3.895147392	64.4983
3.900952381	64.4708
3.906757370	64.2241
3.912562358	64.2334
3.918367347	64.221
3.924172336	63.964
3.929977324	64.036
3.935782313	64.0761
3.941587302	63.766
3.947392290	63.6885
3.953197279	63.8418
3.959002268	63.3863
3.964807256	63.4652
3.970612245	63.4772
3.976417234	0
3.982222222	0
3.988027211	0
3.993832200	0
3.999637188	0
4.005442177	0
4.011247166	73.416
4.017052154	73.1374
4.022857143	73.0421
4.028662132	73.2452
4.034467120	73.1502
4.040272109	73.0321
4.046077098	73.1243
4.051882086	73.1354
4.057687075	73.0798
4.063492063	73.0383
4.069297052	72.9895
4.075102041	72.949
4.080907029	72.9476
4.086712018	72.9432
4.092517007	72.8917
4.098321995	72.8522
4.104126984	72.8143
4.109931973	72.809
4.115736961	72.8828
4.121541950	72.8626
4.127346939	72.7663
4.133151927	72.7265
4.138956916	72.5612
4.144761905	72.5555
4.150566893	73.1613
4.156371882	0
4.162176871	0
4.167981859	0
4.173786848	0
4.179591837	79.3765
4.185396825	78.3763
4.191201814	73.8752
4.197006803	72.8381
4.202811791	72.7164
4.208616780	72.7489
4.214421769	72.5921
4.220226757	72.5255
4.226031746	72.3306
4.231836735	72.3583
4.237641723	72.2882
4.243446712	72.1705
4.249251701	72.3175
4.255056689	72.1305
4.260861678	72.2597
4.266666667	72.2384
4.272471655	72.152
4.278276644	72.2768
4.284081633	72.1074
4.289886621	72.2728
4.295691610	71.9999
4.301496599	71.7339
4.307301587	71.7445
4.313106576	71.9627
4.318911565	73.6007
4.324716553	0
4.330521542	0
4.336326531	0
4.342131519	0
4.347936508	98.1312
4.353741497	97.7333
4.359546485	97.5035
4.365351474	97.6881
4.371156463	97.6843
4.376961451	97.6766
4.382766440	97.8505
4.388571429	97.8666
4.394376417	97.7941
4.400181406	97.8183
4.405986395	97.7582
4.411791383	97.7951
4.417596372	97.7489
4.423401361	97.7877
4.429206349	97.7634
4.435011338	97.7642
4.440816327	97.7733
4.446621315	97.7779
4.452426304	97.8355
4.458231293	97.8293
4.464036281	97.9624
4.469841270	97.865
4.475646259	97.8521
4.481451247	98.1917
4.487256236	98.317
4.493061224	99.6844
4.498866213	99.2599
4.504671202	98.8348
4.510476190	98.4969
4.516281179	97.298
4.522086168	97.6542
4.527891156	97.3697
4.533696145	97.4109
4.539501134	97.4764
4.545306122	97.4891
4.551111111	97.4713
4.556916100	97.3677
4.562721088	97.3275
4.568526077	97.3326
4.574331066	97.1367
4.580136054	97.2131
4.585941043	97.1694
4.591746032	97.0877
4.597551020	97.1082
4.603356009	96.9929
4.609160998	97.0559
4.614965986	96.9065
4.620770975	96.9974
4.626575964	96.8028
4.632380952	96.4296
4.638185941	96.4893
4.643990930	95.7064
4.649795918	96.1362
4.655600907	0
4.661405896	0
4.667210884	0
4.673015873	0
4.678820862	0
4.684625850	0
4.690430839	73.9231
4.696235828	72.7939
4.702040816	72.7473
4.707845805	72.9141
4.713650794	72.8234
4.719455782	72.9692
4.725260771	73.1029
4.731065760	72.7791
4.736870748	73.0018
4.742675737	72.7418
4.748480726	72.8815
4.754285714	72.7576
4.760090703	72.7277
4.765895692	72.8612
4.771700680	72.6458
4.777505669	72.7062
4.783310658	72.858
4.789115646	72.8584
4.794920635	73.032
4.800725624	73.3409
4.806530612	73.142
4.812335601	73.0384
4.818140590	73.0404
4.823945578	75.3519
4.829750567	74.6779
4.835555556	73.537
4.841360544	73.6435
4.847165533	72.8592
4.852970522	72.3683
4.858775510	73.3574
4.864580499	72.9131
4.870385488	72.032
4.876190476	72.8768
4.881995465	72.9451
4.887800454	72.8356
4.893605442	72.8247
4.899410431	72.4175
4.905215420	72.6687
4.911020408	72.4558
4.916825397	72.3883
4.922630385	72.5442
4.928435374	72.265
4.934240363	72.4366
4.940045351	72.3361
4.945850340	72.2574
4.951655329	72.4249
4.957460317	72.2742
4.963265306	72.1616
4.969070295	72.0945
4.974875283	0
4.980680272	0
4.986485261	0
4.992290249	0
4.998095238	0
5.003900227	0
5.009705215	70.0745
5.015510204	69.9106
5.021315193	138.381
5.027120181	138.268
5.032925170	138.252
5.038730159	138.217
5.044535147	137.903
5.050340136	137.722
5.056145125	137.627
5.061950113	137.828
5.067755102	137.846
5.073560091	137.937
5.079365079	137.969
5.085170068	137.98
5.090975057	138.043
5.096780045	138.133
5.102585034	138.059
5.108390023	138.044
5.114195011	138.092
5.120000000	137.989
5.125804989	138.033
5.131609977	138.006
5.137414966	137.933
5.143219955	137.9
5.149024943	137.506
5.154829932	138.405
5.160634921	142.089
5.166439909	142.411
5.172244898	143.293
5.178049887	141.072
5.183854875	139.097
5.189659864	138.31
5.195464853	138.23
5.201269841	137.812
5.207074830	137.534
5.212879819	137.383
5.218684807	137.232
5.224489796	137.252
5.230294785	137.337
5.236099773	137.437
5.241904762	137.58
5.247709751	137.555
5.253514739	137.527
5.259319728	137.543
5.265124717	137.463
5.270929705	137.721
5.276734694	137.669
5.282539683	137.605
5.288344671	137.558
5.294149660	137.164
5.299954649	137.303
5.305759637	137.47
5.311564626	137.655
5.317369615	138.073
5.323174603	0
5.328979592	0
5.334784580	0
5.340589569	0
5.346394558	65.8979
5.352199546	65.7566
5.358004535	65.5557
5.363809524	65.385
5.369614512	65.2874
5.375419501	65.3104
5.381224490	65.2336
5.387029478	65.2914
5.392834467	65.2301
5.398639456	65.173
5.404444444	65.2521
5.410249433	65.0592
5.416054422	65.0834
5.421859410	65.0638
5.427664399	64.868
5.433469388	65.0838
5.439274376	64.8633
5.445079365	64.7828
5.450884354	64.8331
5.456689342	64.6143
5.462494331	64.6069
5.468299320	64.4676
5.474104308	0
5.479909297	0
5.485714286	0
5.491519274	0
5.497324263	0
5.503129252	0
5.508934240	65.6707
5.514739229	65.3665
5.520544218	65.415
5.526349206	65.4112
5.532154195	65.3007
5.537959184	65.2882
5.543764172	65.3304
5.549569161	65.3506
5.555374150	65.3466
5.561179138	65.3667
5.566984127	65.3969
5.572789116	65.4022
5.578594104	65.3715
5.584399093	65.3505
5.590204082	65.3171
5.596009070	65.2996
5.601814059	65.3805
5.607619048	65.3908
5.613424036	65.3901
5.619229025	65.3121
5.625034014	65.2142
5.630839002	65.1258
5.636643991	65.0139
5.642448980	0
5.648253968	0
5.654058957	0
5.659863946	0
5.665668934	0
5.671473923	0
5.677278912	66.3497
5.683083900	66.1053
5.688888889	65.5747
5.694693878	65.3011
5.700498866	65.2311
5.706303855	64.9783
5.712108844	64.8252
5.717913832	64.5797
5.723718821	64.4849
5.729523810	64.5126
5.735328798	64.5309
5.741133787	64.5226
5.746938776	64.5179
5.752743764	64.5275
5.758548753	64.5475
5.764353741	64.5793
5.770158730	64.5568
5.775963719	64.5368
5.781768707	64.5652
5.787573696	64.6872
5.793378685	64.9287
5.799183673	65.2176
5.804988662	65.371
5.810793651	65.6935
5.816598639	65.6438
5.822403628	0
5.828208617	0
5.834013605	0
5.839818594	0
5.845623583	0
5.851428571	0
5.857233560	0
5.863038549	73.6992
5.868843537	73.4529
5.874648526	73.3937
5.880453515	73.2291
5.886258503	73.3089
5.892063492	73.3496
5.897868481	73.2855
5.903673469	73.3874
5.909478458	73.2802
5.915283447	73.3342
5.921088435	73.3101
5.926893424	73.3372
5.932698413	73.3867
5.938503401	73.3062
5.944308390	73.396
5.950113379	73.291
5.955918367	73.3412
5.961723356	73.3419
5.967528345	73.4171
5.973333333	73.6971
5.979138322	73.472
5.984943311	0
5.990748299	0
5.996553288	0
6.002358277	0
6.008163265	73.1653
6.013968254	73.1706
6.019773243	73.1417
6.025578231	73.3994
6.031383220	73.126
6.037188209	73.096
6.042993197	73.0214
6.048798186	73.0105
6.054603175	72.9751
6.060408163	73.0136
6.066213152	72.9
6.072018141	72.8858
6.077823129	72.8111
6.083628118	72.6621
6.089433107	72.7056
6.095238095	72.5535
6.101043084	72.593
6.106848073	72.5337
6.112653061	72.4298
6.118458050	72.4613
6.124263039	72.2897
6.130068027	72.2599
6.135873016	72.1788
6.141678005	72.0351
6.147482993	0
6.153287982	0
6.159092971	0
6.164897959	0
6.170702948	0
6.176507937	71.9495
6.182312925	72.1201
6.188117914	72.759
6.193922902	72.5951
6.199727891	72.8967
6.205532880	72.9405
6.211337868	72.9998
6.217142857	72.9415
6.222947846	73.0484
6.228752834	73.0456
6.234557823	73.0257
6.240362812	73.0984
6.246167800	73.1344
6.251972789	73.2548
6.257777778	73.3081
6.263582766	73.384
6.269387755	73.3483
6.275192744	73.3459
6.280997732	73.3395
6.286802721	73.3322
6.292607710	73.3798
6.298412698	73.3814
6.304217687	73.4032
6.310022676	73.3919
6.315827664	73.3888
6.321632653	73.3527
6.327437642	73.3465
6.333242630	73.3362
6.339047619	73.3195
6.344852608	73.3484
6.350657596	73.2792
6.356462585	73.2921
6.362267574	73.2013
6.368072562	73.1909
6.373877551	73.199
6.379682540	73.169
6.385487528	73.2414
6.391292517	73.165
6.397097506	73.1739
6.402902494	73.093
6.408707483	73.0449
6.414512472	73.0619
6.420317460	73.0223
6.426122449	73.0866
6.431927438	73.0469
6.437732426	73.0022
6.443537415	72.9215
6.449342404	72.7825
6.455147392	72.8744
6.460952381	72.8157
6.466757370	73.0745
6.472562358	72.9935
6.478367347	71.6642
6.484172336	0
6.489977324	0
6.495782313	0
6.501587302	0
6.507392290	0
6.513197279	64.8737
6.519002268	64.9291
6.524807256	64.8926
6.530612245	64.924
6.536417234	64.8373
6.542222222	64.7416
6.548027211	64.6292
6.553832200	64.6014
6.559637188	64.5262
6.565442177	64.5922
6.571247166	64.5139
6.577052154	64.4905
6.582857143	64.5102
6.588662132	64.4052
6.594467120	64.4905
6.600272109	64.4753
6.606077098	64.4155
6.611882086	64.5363
6.617687075	64.408
6.623492063	64.4687
6.629297052	64.6237
6.635102041	64.475
6.640907029	64.9107
6.646712018	0
6.652517007	0
6.658321995	0
6.664126984	0
6.669931973	0
6.675736961	74.8356
6.681541950	74.3521
6.687346939	73.788
6.693151927	73.4667
6.698956916	73.4938
6.704761905	73.5274
6.710566893	73.5549
6.716371882	73.5085
6.722176871	73.4723
6.727981859	73.4905
6.733786848	73.4521
6.739591837	73.3967
6.745396825	73.3705
6.751201814	73.3018
6.757006803	73.2455
6.762811791	73.2576
6.768616780	73.2462
6.774421769	73.2569
6.780226757	73.2996
6.786031746	73.2556
6.791836735	73.2172
6.797641723	73.2774
6.803446712	73.2263
6.809251701	73.3347
6.815056689	73.6521
6.820861678	73.5478
6.826666667	74.3072
6.832471655	73.6633
6.838276644	73.2858
6.844081633	73.3176
6.849886621	73.129
6.855691610	73.1529
6.861496599	73.3302
6.867301587	73.1625
6.873106576	73.1757
6.878911565	73.1373
6.884716553	73.0565
6.890521542	73.0831
6.896326531	72.9943
6.902131519	73.0119
6.907936508	73.0108
6.913741497	72.9039
6.919546485	72.882
6.925351474	72.8367
6.931156463	72.768
6.936961451	72.7636
6.942766440	72.7121
6.948571429	72.638
6.954376417	72.6649
6.960181406	72.4989
6.965986395	72.4475
6.971791383	72.6276
6.977596372	0
6.983401361	0
6.989206349	0
6.995011338	0
7.000816327	0
7.006621315	0
7.012426304	0
7.018231293	0
7.024036281	97.9072
7.029841270	97.7485
7.035646259	97.9794
7.041451247	97.949
7.047256236	98.007
7.053061224	98.0802
7.058866213	98.0314
7.064671202	98.0617
7.070476190	97.9803
7.076281179	97.9991
7.082086168	97.9439
7.087891156	97.9386
7.093696145	97.9447
7.099501134	97.9354
7.105306122	97.9653
7.111111111	97.9412
7.116916100	97.9634
7.122721088	97.9489
7.128526077	97.9936
7.134331066	98.0108
7.140136054	97.967
7.145941043	98.0188
7.151746032	98.3915
7.157551020	98.9099
7.163356009	99.7223
7.169160998	99.7224
7.174965986	98.4482
7.180770975	98.1693
7.186575964	97.7512
7.192380952	97.6371
7.198185941	97.7654
7.203990930	97.807
7.209795918	97.7878
7.215600907	97.8503
7.221405896	97.8589
7.227210884	97.7441
7.233015873	97.7651
7.238820862	97.5456
7.244625850	97.5384
7.250430839	97.4984
7.256235828	97.4563
7.262040816	97.4654
7.267845805	97.3274
7.273650794	97.3753
7.279455782	97.236
7.285260771	97.3211
7.291065760	97.0998
7.296870748	96.915
7.302675737	96.811
7.308480726	96.4325
7.314285714	96.8658
7.320090703	0
7.325895692	0
7.331700680	0
7.337505669	0
7.343310658	74.1403
7.349115646	73.8107
7.354920635	73.6907
7.360725624	73.3495
7.366530612	73.3006
7.372335601	73.2426
7.378140590	73.1374
7.383945578	73.1621
7.389750567	72.9997
7.395555556	73.0571
7.401360544	73.0007
7.407165533	72.967
7.412970522	73.0304
7.418775510	72.9194
7.424580499	73.0409
7.430385488	72.948
7.436190476	72.9855
7.441995465	73.0633
7.447800454	72.93
7.453605442	73.0451
7.459410431	72.9276
7.465215420	73.0667
7.471020408	72.9164
7.476825397	72.7822
7.482630385	72.27
7.488435374	71.2297
7.494240363	70.1609
7.500045351	0
7.505850340	0
7.511655329	0
7.517460317	73.71
7.523265306	73.4303
7.529070295	73.1673
7.534875283	72.9355
7.540680272	72.6015
7.546485261	72.7088
7.552290249	72.5068
7.558095238	72.6016
7.563900227	72.6027
7.569705215	72.4374
7.575510204	72.5681
7.581315193	72.3596
7.587120181	72.4347
7.592925170	72.3638
7.598730159	72.2385
7.604535147	72.3238
7.610340136	72.1089
7.616145125	72.182
7.621950113	72.0848
7.627755102	72.0164
7.633560091	72.0881
7.639365079	71.9118
7.645170068	0
7.650975057	0
7.656780045	0
7.662585034	0
7.668390023	0
7.674195011	0
7.680000000	70.6113
7.685804989	70.075
7.691609977	69.7488
7.697414966	69.6388
7.703219955	69.3603
7.709024943	69.1888
7.714829932	69.1396
7.720634921	69.094
7.726439909	69.0494
7.732244898	138.137
7.738049887	138.175
7.743854875	138.161
7.749659864	138.113
7.755464853	138.188
7.761269841	138.072
7.767074830	137.986
7.772879819	138.098
7.778684807	137.962
7.784489796	137.988
7.790294785	137.983
7.796099773	68.9299
7.801904762	68.953
7.807709751	68.8793
7.813514739	68.812
7.819319728	68.726
7.825124717	0
7.830929705	0
7.836734694	0
7.842539683	0
7.848344671	69.2007
7.854149660	69.2717
7.859954649	68.9927
7.865759637	68.9905
7.871564626	68.9201
7.877369615	68.8129
7.883174603	68.7749
7.888979592	68.7035
7.894784580	68.7121
7.900589569	68.7772
7.906394558	68.7602
7.912199546	68.7884
7.918004535	68.7886
7.923809524	68.7996
7.929614512	68.7948
7.935419501	68.8012
7.941224490	68.7627
7.947029478	68.7692
7.952834467	68.8516
7.958639456	68.7354
7.964444444	68.9176
7.970249433	68.6132
7.976054422	68.3602
7.981859410	0
7.987664399	0
7.993469388	0
7.999274376	0
8.005079365	0
8.010884354	65.1994
8.016689342	65.1937
8.022494331	65.183
8.028299320	65.1753
8.034104308	65.1344
8.039909297	65.1043
8.045714286	65.1074
8.051519274	65.0798
8.057324263	65.1824
8.063129252	65.1574
8.068934240	65.1075
8.074739229	65.2068
8.080544218	65.1369
8.086349206	65.1648
8.092154195	65.2293
8.097959184	65.1751
8.103764172	65.22
8.109569161	65.2097
8.115374150	65.1898
8.121179138	65.2319
8.126984127	65.2039
8.132789116	65.231
8.138594104	65.1791
8.144399093	65.2089
8.150204082	0
8.156009070	0
8.161814059	0
8.167619048	0
8.173424036	65.3277
8.179229025	65.3135
8.185034014	65.3277
8.190839002	65.3236
8.196643991	65.3114
8.202448980	65.3084
8.208253968	65.3267
8.214058957	65.3331
8.219863946	65.3337
8.225668934	65.3128
8.231473923	65.289
8.237278912	65.2709
8.243083900	65.2281
8.248888889	65.1931
8.254693878	65.1617
8.260498866	65.1505
8.266303855	65.1539
8.272108844	65.1138
8.277913832	65.1065
8.283718821	65.0712
8.289523810	65.0223
8.295328798	64.9623
8.301133787	64.7747
8.306938776	0
8.312743764	0
8.318548753	0
8.324353741	0
8.330158730	0
8.335963719	0
8.341768707	0
8.347573696	0
8.353378685	65.556
8.359183673	65.4905
8.364988662	65.3725
8.370793651	65.3381
8.376598639	65.3054
8.382403628	65.2651
8.388208617	65.2416
8.394013605	65.2333
8.399818594	65.2254
8.405623583	65.1911
8.411428571	65.1687
8.417233560	65.1626
8.423038549	65.1456
8.428843537	65.1417
8.434648526	65.1325
8.440453515	65.1183
8.446258503	65.0992
8.452063492	65.1041
8.457868481	65.1034
8.463673469	65.1237
8.469478458	65.1628
8.475283447	65.2104
8.481088435	0
8.486893424	0
8.492698413	0
8.498503401	0
8.504308390	0
8.510113379	73.1496
8.515918367	73.0836
8.521723356	73.0813
8.527528345	73.1308
8.533333333	73.0523
8.539138322	73.1103
8.544943311	73.0866
8.550748299	73.0708
8.556553288	73.1032
8.562358277	73.0736
8.568163265	73.1123
8.573968254	73.0947
8.579773243	73.0913
8.585578231	73.0945
8.591383220	73.0647
8.597188209	73.0776
8.602993197	73.0681
8.608798186	73.067
8.614603175	73.0692
8.620408163	73.0766
8.626213152	73.0617
8.632018141	73.048
8.637823129	73.0154
8.643628118	73.0132
8.649433107	72.9734
8.655238095	72.9984
8.661043084	73.2202
8.666848073	73.4387
8.672653061	73.8184
8.678458050	73.619
8.684263039	73.381
8.690068027	73.1723
8.695873016	73.0941
8.701678005	73.156
8.707482993	73.1958
8.713287982	73.168
8.719092971	73.2415
8.724897959	73.1691
8.730702948	73.1692
8.736507937	73.2399
8.742312925	73.1503
8.748117914	73.1728
8.753922902	73.1519
8.759727891	73.1352
8.765532880	73.1509
8.771337868	73.133
8.777142857	73.0887
8.782947846	73.0666
8.788752834	73.0839
8.794557823	73.0413
8.800362812	73.0108
8.806167800	72.6853
8.811972789	0
8.817777778	0
8.823582766	0
8.829387755	0
8.835192744	0
8.840997732	72.9444
8.846802721	73.1129
8.852607710	73.1139
8.858412698	72.8976
8.864217687	72.924
8.870022676	72.9055
8.875827664	72.861
8.881632653	72.8524
8.887437642	72.8285
8.893242630	72.862
8.899047619	72.8672
8.904852608	72.9258
8.910657596	72.9391
8.916462585	72.9581
8.922267574	73.0052
8.928072562	73.0119
8.933877551	73.0845
8.939682540	73.0924
8.945487528	73.1435
8.951292517	73.107
8.957097506	73.0893
8.962902494	73.1063
8.968707483	73.0776
8.974512472	73.1584
8.980317460	73.1362
8.986122449	73.1659
8.991927438	73.1609
8.997732426	73.1299
9.003537415	73.1491
9.009342404	73.1325
9.015147392	73.1715
9.020952381	73.1468
9.026757370	73.1548
9.032562358	73.1215
9.038367347	73.09
9.044172336	73.0661
9.049977324	73.0349
9.055782313	73.0484
9.061587302	73.021
9.067392290	73.0319
9.073197279	73.0109
9.079002268	72.9718
9.084807256	72.9711
9.090612245	72.9234
9.096417234	72.9518
9.102222222	72.9637
9.108027211	72.976
9.113832200	73.0729
9.119637188	73.0668
9.125442177	73.0894
9.131247166	73.1404
9.137052154	73.2297
9.142857143	73.0423
9.148662132	0
9.154467120	0
9.160272109	0
9.166077098	0
9.171882086	0
9.177687075	0
9.183492063	0
9.189297052	65.4111
9.195102041	65.2148
9.200907029	65.1636
9.206712018	65.1774
9.212517007	65.13
9.218321995	65.1469
9.224126984	65.1372
9.229931973	65.1015
9.235736961	65.1244
9.241541950	65.0871
9.247346939	65.0715
9.253151927	65.0795
9.258956916	65.029
9.264761905	65.0326
9.270566893	64.9794
9.276371882	64.9401
9.282176871	64.9351
9.287981859	64.8612
9.293786848	64.8567
9.299591837	64.8437
9.305396825	0
9.311201814	0
9.317006803	0
9.322811791	0
9.328616780	0
9.334421769	0
9.340226757	73.8282
9.346031746	73.5878
9.351836735	73.5181
9.357641723	73.4159
9.363446712	73.4246
9.369251701	73.4568
9.375056689	73.5481
9.380861678	73.6135
9.386666667	73.6139
9.392471655	73.6382
9.398276644	73.587
9.404081633	73.5574
9.409886621	73.5088
9.415691610	73.4902
9.421496599	73.4685
9.427301587	73.4041
9.433106576	73.355
9.438911565	73.2972
9.444716553	73.2449
9.450521542	73.1631
9.456326531	73.0685
9.462131519	72.9701
9.467936508	72.8228
9.473741497	72.9016
9.479546485	73.0215
9.485351474	0
9.491156463	0
9.496961451	0
9.502766440	0
9.508571429	73.3522
9.514376417	73.3348
9.520181406	73.2721
9.525986395	73.258
9.531791383	73.1196
9.537596372	73.1076
9.543401361	73.0954
9.549206349	73.0512
9.555011338	73.0932
9.560816327	73.0495
9.566621315	73.022
9.572426304	73.0216
9.578231293	72.9892
9.584036281	72.9493
9.589841270	72.9477
9.595646259	72.9331
9.601451247	72.9204
9.607256236	72.8944
9.613061224	72.8465
9.618866213	72.8471
9.624671202	72.6776
9.630476190	72.6264
9.636281179	72.5626
9.642086168	0
9.647891156	0
9.653696145	0
9.659501134	0
9.665306122	0
9.671111111	0
9.676916100	98.1219
9.682721088	97.961
9.688526077	97.7155
9.694331066	97.6312
9.700136054	97.7417
9.705941043	97.8454
9.711746032	97.8456
9.717551020	97.9015
9.723356009	97.9567
9.729160998	97.9034
9.734965986	97.9063
9.740770975	97.9561
9.746575964	97.9163
9.752380952	97.9348
9.758185941	97.9462
9.763990930	97.9775
9.769795918	97.9677
9.775600907	97.9715
9.781405896	97.9867
9.787210884	98.0352
9.793015873	97.9777
9.798820862	97.9791
9.804625850	98.0221
9.810430839	98.0949
9.816235828	98.0404
9.822040816	0
9.827845805	0
9.833650794	0
9.839455782	0
9.845260771	97.7764
9.851065760	97.8209
9.856870748	98.0699
9.862675737	97.7337
9.868480726	97.8097
9.874285714	97.9151
9.880090703	97.9657
9.885895692	98.0387
9.891700680	97.961
9.897505669	98.0059
9.903310658	97.8808
9.909115646	97.9029
9.914920635	97.8266
9.920725624	97.776
9.926530612	97.7669
9.932335601	97.6669
9.938140590	97.7026
9.943945578	97.532
9.949750567	97.564
9.955555556	97.3541
9.961360544	97.1935
9.967165533	97.1168
9.972970522	96.7689
9.978775510	96.9123
9.984580499	96.6343
9.990385488	0
9.996190476	0
10.001995465	0
10.007800454	0
10.013605442	73.2171
10.019410431	73.1248
10.025215420	73.0567
10.031020408	73.0718
10.036825397	73.1331
10.042630385	73.1967
10.048435374	73.1842
10.054240363	73.1995
10.060045351	73.1393
10.065850340	73.111
10.071655329	73.0909
10.077460317	73.0919
10.083265306	73.0856
10.089070295	73.0595
10.094875283	73.0514
10.100680272	73.0272
10.106485261	73.0489
10.112290249	73.0636
10.118095238	73.0579
10.123900227	73.0704
10.129705215	73.0444
10.135510204	73.0676
10.141315193	73.1229
10.147120181	73.1958
10.152925170	73.1411
10.158730159	73.0086
10.164535147	72.9892
10.170340136	72.7854
10.176145125	73.3337
10.181950113	73.415
10.187755102	73.4107
10.193560091	73.3426
10.199365079	73.2311
10.205170068	73.162
10.210975057	73.1994
10.216780045	73.2496
10.222585034	73.2328
10.228390023	73.2706
10.234195011	73.1546
10.240000000	73.2122
10.245804989	73.2054
10.251609977	73.2102
10.257414966	73.3216
10.263219955	73.2666
10.269024943	73.2063
10.274829932	73.2405
10.280634921	73.1049
10.286439909	72.9751
10.292244898	73.0406
10.298049887	72.7974
10.303854875	72.5526
10.309659864	0
10.315464853	0
10.321269841	0
10.327074830	0
10.332879819	0
10.338684807	0
10.344489796	69.2589
10.350294785	69.229
10.356099773	69.1893
10.361904762	69.1532
10.367709751	69.1534
10.373514739	69.1434
10.379319728	69.1747
10.385124717	69.1667
10.390929705	69.165
10.396734694	69.1736
10.402539683	69.1532
10.408344671	138.361
10.414149660	69.1592
10.419954649	69.1648
10.425759637	69.1628
10.431564626	69.1588
10.437369615	69.1536
10.443174603	69.165
10.448979592	69.1682
10.454784580	69.1919
10.460589569	69.1776
10.466394558	69.1719
10.472199546	69.166
10.478004535	69.2511
10.483809524	69.3399
10.489614512	0
10.495419501	0
10.501224490	0
10.507029478	0
10.512834467	69.3842
10.518639456	69.2484
10.524444444	69.2191
10.530249433	138.374
10.536054422	138.38
10.541859410	138.216
10.547664399	138.227
10.553469388	138.213
10.559274376	138.013
10.565079365	137.955
10.570884354	137.953
10.576689342	137.828
10.582494331	137.838
10.588299320	137.861
10.594104308	137.702
10.599909297	137.712
10.605714286	137.785
10.611519274	137.662
10.617324263	137.614
10.623129252	137.543
10.628934240	137.346
10.634739229	68.6315
10.640544218	68.7391
10.646349206	0
10.652154195	0
10.657959184	0
10.663764172	0
10.669569161	0
10.675374150	65.3318
10.681179138	65.4009
10.686984127	65.3601
10.692789116	65.4074
10.698594104	65.3606
10.704399093	65.337
10.710204082	65.3429
10.716009070	65.2803
10.721814059	65.3329
10.727619048	65.32
10.733424036	65.3342
10.739229025	65.3706
10.745034014	65.3309
10.750839002	65.3288
10.756643991	65.3347
10.762448980	65.322
10.768253968	65.3784
10.774058957	65.3507
10.779863946	65.3382
10.785668934	65.3345
10.791473923	65.3461
10.797278912	65.4068
10.803083900	0
10.808888889	0
10.814693878	0
10.820498866	0
10.826303855	0
10.832108844	0
10.837913832	0
10.843718821	0
10.849523810	0
10.855328798	0
10.861133787	0
10.866938776	0
10.872743764	0
10.878548753	0
10.884353741	0
10.890158730	0
10.895963719	0
10.901768707	0
10.907573696	0
10.913378685	0
10.919183673	0
10.924988662	0
10.930793651	0
10.936598639	0
10.942403628	0
10.948208617	0
10.954013605	0
10.959818594	0
10.965623583	0
10.971428571	0
10.977233560	0
10.983038549	0
10.988843537	0
10.994648526	0
11.000453515	0
11.006258503	0
11.012063492	65.4849
11.017868481	65.5053
11.023673469	65.518
11.029478458	65.495
11.035283447	65.5318
11.041088435	65.5683
11.046893424	65.5971
11.052698413	65.6059
11.058503401	65.5943
11.064308390	65.5915
11.070113379	65.5982
11.075918367	65.577
11.081723356	65.5708
11.087528345	65.5748
11.093333333	65.5838
11.099138322	65.5643
11.104943311	65.5651
11.110748299	65.5471
11.116553288	65.5534
11.122358277	65.5671
11.128163265	65.5333
11.133968254	65.4923
11.139773243	65.3729
11.145578231	65.3477
11.151383220	0
11.157188209	0
11.162993197	0
11.168798186	0
11.174603175	73.2038
11.180408163	73.2864
11.186213152	73.435
11.192018141	73.4523
11.197823129	73.4686
11.203628118	73.4781
11.209433107	73.4701
11.215238095	73.4595
11.221043084	73.4552
11.226848073	73.4594
11.232653061	73.4529
11.238458050	73.4576
11.244263039	73.4521
11.250068027	73.4438
11.255873016	73.4461
11.261678005	73.449
11.267482993	73.4508
11.273287982	73.4448
11.279092971	73.4521
11.284897959	73.4295
11.290702948	73.4258
11.296507937	73.4072
11.302312925	73.4215
11.308117914	73.4346
11.313922902	73.3803
11.319727891	73.395
11.325532880	73.3789
11.331337868	73.2662
11.337142857	73.39
11.342947846	73.3526
11.348752834	73.3118
11.354557823	73.2946
11.360362812	73.244
11.366167800	73.2119
11.371972789	73.1908
11.377777778	73.2092
11.383582766	73.2551
11.389387755	73.2364
11.395192744	73.2092
11.400997732	73.1974
11.406802721	73.1811
11.412607710	73.2062
11.418412698	73.2304
11.424217687	73.2115
11.430022676	73.1833
11.435827664	73.1444
11.441632653	73.1245
11.447437642	73.131
11.453242630	73.0688
11.459047619	73.1218
11.464852608	73.0321
11.470657596	73.0394
11.476462585	0
11.482267574	0
11.488072562	0
11.493877551	0
11.499682540	0
11.505487528	0
11.511292517	73.3025
11.517097506	73.3877
11.522902494	73.4433
11.528707483	73.3837
11.534512472	73.2884
11.540317460	73.2179
11.546122449	73.1906
11.551927438	73.2432
11.557732426	73.2239
11.563537415	73.2927
11.569342404	73.2895
11.575147392	73.3085
11.580952381	73.3529
11.586757370	73.3654
11.592562358	73.4091
11.598367347	73.402
11.604172336	73.4321
11.609977324	73.4058
11.615782313	73.4074
11.621587302	73.4087
11.627392290	73.409
11.633197279	73.4229
11.639002268	73.3921
11.644807256	73.4475
11.650612245	73.3903
11.656417234	73.3601
11.662222222	73.3898
11.668027211	73.3397
11.673832200	73.3156
11.679637188	73.3375
11.685442177	73.3383
11.691247166	73.2175
11.697052154	73.3621
11.702857143	73.3693
11.708662132	73.3115
11.714467120	73.4914
11.720272109	73.2768
11.726077098	73.3418
11.731882086	73.3852
11.737687075	73.324
11.743492063	73.404
11.749297052	73.2949
11.755102041	73.4404
11.760907029	73.5119
11.766712018	73.4855
11.772517007	73.5215
11.778321995	73.2408
11.784126984	73.1341
11.789931973	73.0264
11.795736961	72.9536
11.801541950	73.0016
11.807346939	73.2012
11.813151927	0
11.818956916	0
11.824761905	0
11.830566893	0
11.836371882	0
11.842176871	65.3293
11.847981859	65.3452
11.853786848	65.3205
11.859591837	65.3113
11.865396825	65.3693
11.871201814	65.2916
11.877006803	65.2618
11.882811791	65.2411
11.888616780	65.2365
11.894421769	65.2467
11.900226757	65.2049
11.906031746	65.2216
11.911836735	65.1903
11.917641723	65.1845
11.923446712	65.2002
11.929251701	65.157
11.935056689	65.1774
11.940861678	65.1474
11.946666667	65.1279
11.952471655	65.1619
11.958276644	65.1356
11.964081633	65.166
11.969886621	65.1707
11.975691610	65.0364
11.981496599	0
11.987301587	0
11.993106576	0
11.998911565	0
12.004716553	0
12.010521542	73.3116
12.016326531	73.3727
12.022131519	73.3059
12.027936508	73.2815
12.033741497	73.2546
12.039546485	73.2493
12.045351474	73.2757
12.051156463	73.2826
12.056961451	73.3023
12.062766440	73.2884
12.068571429	73.2703
12.074376417	73.2601
12.080181406	73.2188
12.085986395	73.2112
12.091791383	73.1817
12.097596372	73.1656
12.103401361	73.1415
12.109206349	73.1145
12.115011338	73.1197
12.120816327	73.0691
12.126621315	72.9657
12.132426304	72.9031
12.138231293	72.8353
12.144036281	72.6445
12.149841270	0
12.155646259	0
12.161451247	0
12.167256236	0
12.173061224	0
12.178866213	0
12.184671202	73.4021
12.190476190	73.4036
12.196281179	73.3482
12.202086168	73.2909
12.207891156	73.3135
12.213696145	73.2818
12.219501134	73.3274
12.225306122	73.298
12.231111111	73.2903
12.236916100	73.2831
12.242721088	73.2392
12.248526077	73.259
12.254331066	73.2265
12.260136054	73.2504
12.265941043	73.2572
12.271746032	73.2436
12.277551020	73.2615
12.283356009	73.2253
12.289160998	73.2446
12.294965986	73.1858
12.300770975	73.1606
12.306575964	0
12.312380952	0
12.318185941	0
12.323990930	0
12.329795918	0
12.335600907	0
12.341405896	0
12.347210884	98.2855
12.353015873	98.042
12.358820862	97.9264
12.364625850	98.0101
12.370430839	97.9339
12.376235828	97.9888
12.382040816	98.0638
12.387845805	97.9907
12.393650794	97.9363
12.399455782	98.0282
12.405260771	97.9562
12.411065760	97.8755
12.416870748	97.9935
12.422675737	97.9542
12.428480726	97.8524
12.434285714	97.9169
12.440090703	97.949
12.445895692	97.8672
12.451700680	97.8593
12.457505669	97.9345
12.463310658	97.7948
12.469115646	97.7952
12.474920635	97.8859
12.480725624	97.9374
12.486530612	98.2248
12.492335601	0
12.498140590	0
12.503945578	0
12.509750567	0
12.515555556	98.0079
12.521360544	97.8776
12.527165533	97.9618
12.532970522	97.9165
12.538775510	97.9887
12.544580499	97.9391
12.550385488	97.9511
12.556190476	97.9642
12.561995465	97.8929
12.567800454	97.9521
12.573605442	97.9616
12.579410431	97.8923
12.585215420	97.9567
12.591020408	97.8795
12.596825397	97.9029
12.602630385	97.9239
12.608435374	97.9113
12.614240363	97.9893
12.620045351	97.9492
12.625850340	97.8472
12.631655329	97.8047
12.637460317	97.6739
12.643265306	0
12.649070295	0
12.654875283	0
12.660680272	0
12.666485261	0
12.672290249	0
12.678095238	73.0575
12.683900227	73.163
12.689705215	73.2325
12.695510204	73.2263
12.701315193	73.2125
12.707120181	73.1941
12.712925170	73.1953
12.718730159	73.1502
12.724535147	73.1908
12.730340136	73.1416
12.736145125	73.176
12.741950113	73.1719
12.747755102	73.1573
12.753560091	73.1731
12.759365079	73.1275
12.765170068	73.1662
12.770975057	73.152
12.776780045	73.1557
12.782585034	73.1758
12.788390023	73.149
12.794195011	73.1556
12.800000000	73.1475
12.805804989	73.1227
12.811609977	73.2514
12.817414966	73.1966
12.823219955	73.1807
12.829024943	73.1496
12.834829932	72.7536
12.840634921	72.9865
12.846439909	73.1178
12.852244898	73.3578
12.858049887	73.4511
12.863854875	73.3902
12.869659864	73.38
12.875464853	73.2453
12.881269841	73.227
12.887074830	73.2906
12.892879819	73.2369
12.898684807	73.2828
12.904489796	73.1734
12.910294785	73.1984
12.916099773	73.2053
12.921904762	73.1672
12.927709751	73.2235
12.933514739	73.1426
12.939319728	73.1419
12.945124717	73.1519
12.950929705	73.2063
12.956734694	73.0493
12.962539683	0
12.968344671	0
12.974149660	0
12.979954649	0
12.985759637	0
12.991564626	0
12.997369615	0
13.003174603	0
13.008979592	0
13.014784580	0
13.020589569	138.616
13.026394558	138.737
13.032199546	138.793
13.038004535	138.747
13.043809524	138.562
13.049614512	138.628
13.055419501	138.539
13.061224490	138.52
13.067029478	138.571
13.072834467	138.482
13.078639456	138.57
13.084444444	138.533
13.090249433	138.519
13.096054422	138.503
13.101859410	138.415
13.107664399	138.46
13.113469388	138.469
13.119274376	138.484
13.125079365	138.414
13.130884354	138.405
13.136689342	138.344
13.142494331	138.257
13.148299320	138.461
13.154104308	138.347
13.159909297	138.238
13.165714286	138.423
13.171519274	138.419
13.177324263	138.702
13.183129252	138.774
13.188934240	138.767
13.194739229	138.762
13.200544218	138.656
13.206349206	138.697
13.212154195	138.552
13.217959184	138.451
13.223764172	138.38
13.229569161	138.236
13.235374150	138.319
13.241179138	138.235
13.246984127	138.323
13.252789116	138.27
13.258594104	138.155
13.264399093	138.174
13.270204082	138.141
13.276009070	138.12
13.281814059	138.183
13.287619048	0
13.293424036	0
13.299229025	0
13.305034014	0
13.310839002	0
13.316643991	0
13.322448980	0
13.328253968	0
13.334058957	0
13.339863946	0
13.345668934	0
13.351473923	0
13.357278912	65.2662
13.363083900	65.2069
13.368888889	65.3222
13.374693878	65.2548
13.380498866	65.2545
13.386303855	65.2996
13.392108844	65.2862
13.397913832	65.3104
13.403718821	65.2959
13.409523810	65.2883
13.415328798	65.3063
13.421133787	65.3178
13.426938776	65.3021
13.432743764	65.3058
13.438548753	65.2952
13.444353741	65.2849
13.450158730	65.3244
13.455963719	65.318
13.461768707	65.2787
13.467573696	65.3455
13.473378685	65.3417
13.479183673	0
13.484988662	0
13.490793651	0
13.496598639	0
13.502403628	0
13.508208617	0
13.514013605	0
13.519818594	0
13.525623583	0
13.531428571	0
13.537233560	0
13.543038549	0
13.548843537	0
13.554648526	0
13.560453515	0
13.566258503	0
13.572063492	0
13.577868481	0
13.583673469	0
13.589478458	0
13.595283447	0
13.601088435	0
13.606893424	0
13.612698413	0
13.618503401	0
13.624308390	0
13.630113379	0
13.635918367	0
13.641723356	0
13.647528345	0
13.653333333	0
13.659138322	0
13.664943311	0
13.670748299	65.1925
13.676553288	65.2915
13.682358277	65.2755
13.688163265	65.2874
13.693968254	65.2594
13.699773243	65.1818
13.705578231	65.1696
13.711383220	65.1485
13.717188209	65.1316
13.722993197	65.1401
13.728798186	65.1327
13.734603175	65.1305
13.740408163	65.1274
13.746213152	65.1426
13.752018141	65.1413
13.757823129	65.1389
13.763628118	65.1552
13.769433107	65.1485
13.775238095	65.155
13.781043084	65.1708
13.786848073	65.1761
13.792653061	65.1912
13.798458050	65.194
13.804263039	65.2059
13.810068027	65.1872
13.815873016	0
13.821678005	0
13.827482993	0
13.833287982	0
13.839092971	0
13.844897959	73.2852
13.850702948	73.4495
13.856507937	73.3373
13.862312925	73.4551
13.868117914	73.4968
13.873922902	73.5193
13.879727891	73.4938
13.885532880	73.4957
13.891337868	73.4924
13.897142857	73.4752
13.902947846	73.4836
13.908752834	73.4828
13.914557823	73.48
13.920362812	73.4811
13.926167800	73.4801
13.931972789	73.4961
13.937777778	73.5168
13.943582766	73.4437
13.949387755	73.4837
13.955192744	73.4498
13.960997732	73.4122
13.966802721	73.461
13.972607710	73.439
13.978412698	73.3917
13.984217687	73.4627
13.990022676	73.3145
13.995827664	73.454
14.001632653	73.5995
14.007437642	73.6475
14.013242630	73.7791
14.019047619	73.4315
14.024852608	73.3283
14.030657596	73.2568
14.036462585	73.2679
14.042267574	73.4191
14.048072562	73.5399
14.053877551	73.5303
14.059682540	73.5975
14.065487528	73.5129
14.071292517	73.4463
14.077097506	73.4071
14.082902494	73.4029
14.088707483	73.4965
14.094512472	73.5131
14.100317460	73.5809
14.106122449	73.5952
14.111927438	73.5133
14.117732426	73.5035
14.123537415	73.5799
14.129342404	73.6072
14.135147392	73.6263
14.140952381	73.5532
14.146757370	0
14.152562358	0
14.158367347	0
14.164172336	0
14.169977324	0
14.175782313	73.2569
14.181587302	73.2376
14.187392290	73.2407
14.193197279	73.1744
14.199002268	73.1597
14.204807256	73.1894
14.210612245	73.148
14.216417234	73.1756
14.222222222	73.1625
14.228027211	73.141
14.233832200	73.1884
14.239637188	73.2005
14.245442177	73.2494
14.251247166	73.2443
14.257052154	73.2534
14.262857143	73.2797
14.268662132	73.2914
14.274467120	73.3147
14.280272109	73.3271
14.286077098	73.2968
14.291882086	73.2731
14.297687075	73.254
14.303492063	73.2422
14.309297052	73.2441
14.315102041	73.2521
14.320907029	73.2655
14.326712018	73.2391
14.332517007	73.1998
14.338321995	73.1766
14.344126984	73.1384
14.349931973	73.1115
14.355736961	73.1107
14.361541950	73.0613
14.367346939	73.059
14.373151927	73.0792
14.378956916	73.069
14.384761905	73.1434
14.390566893	73.1506
14.396371882	73.1222
14.402176871	73.1513
14.407981859	73.1744
14.413786848	73.1454
14.419591837	73.2154
14.425396825	73.2309
14.431201814	73.2599
14.437006803	73.326
14.442811791	73.299
14.448616780	73.299
14.454421769	73.2222
14.460226757	73.1894
14.466031746	73.1187
14.471836735	73.1649
14.477641723	73.3183
14.483446712	73.386
14.489251701	0
14.495056689	0
14.500861678	0
14.506666667	0
14.512471655	65.4509
14.518276644	65.4987
14.524081633	65.4368
14.529886621	65.4146
14.535691610	65.3833
14.541496599	65.3498
14.547301587	65.3602
14.553106576	65.3209
14.558911565	65.3184
14.564716553	65.2905
14.570521542	65.2895
14.576326531	65.3051
14.582131519	65.2937
14.587936508	65.2628
14.593741497	65.2479
14.599546485	65.2419
14.605351474	65.207
14.611156463	65.2184
14.616961451	65.1885
14.622766440	65.1993
14.628571429	65.2196
14.634376417	65.2432
14.640181406	65.283
14.645986395	0
14.651791383	0
14.657596372	0
14.663401361	0
14.669206349	0
14.675011338	0
14.680816327	73.3151
14.686621315	73.3245
14.692426304	73.3381
14.698231293	73.3341
14.704036281	73.3057
14.709841270	73.3063
14.715646259	73.2947
14.721451247	73.3002
14.727256236	73.3187
14.733061224	73.2851
14.738866213	73.2882
14.744671202	73.2717
14.750476190	73.2827
14.756281179	73.2872
14.762086168	73.2865
14.767891156	73.257
14.773696145	73.2518
14.779501134	73.2621
14.785306122	73.2583
14.791111111	73.2835
14.796916100	73.2115
14.802721088	73.2082
14.808526077	73.2069
14.814331066	0
14.820136054	0
14.825941043	0
14.831746032	0
14.837551020	0
14.843356009	0
14.849160998	73.7149
14.854965986	73.4797
14.860770975	73.4541
14.866575964	73.3632
14.872380952	73.3583
14.878185941	73.3097
14.883990930	73.3538
14.889795918	73.3486
14.895600907	73.3648
14.901405896	73.3786
14.907210884	73.3763
14.913015873	73.3876
14.918820862	73.3746
14.924625850	73.3983
14.930430839	73.3886
14.936235828	73.3877
14.942040816	73.4181
14.947845805	73.3639
14.953650794	73.3825
14.959455782	73.388
14.965260771	73.3059
14.971065760	73.3375
14.976870748	73.285
14.982675737	0
14.988480726	0
14.994285714	0
15.000090703	0
15.005895692	0
15.011700680	98.3277
15.017505669	98.1952
15.023310658	98.0918
15.029115646	97.9492
15.034920635	97.9579
15.040725624	98.0041
15.046530612	98.0011
15.052335601	98.1062
15.058140590	98.0789
15.063945578	98.0383
15.069750567	98.0364
15.075555556	97.9522
15.081360544	97.9773
15.087165533	98.0085
15.092970522	97.9669
15.098775510	98.0249
15.104580499	98.0029
15.110385488	97.903
15.116190476	97.9545
15.121995465	98.0003
15.127800454	97.9356
15.133605442	98.0956
15.139410431	98.0323
15.145215420	98.0662
15.151020408	98.1652
15.156825397	98.0538
15.162630385	98.6037
15.168435374	98.0766
15.174240363	98.0299
15.180045351	98.0215
15.185850340	97.9678
15.191655329	98.0236
15.197460317	98.0423
15.203265306	98.1152
15.209070295	98.0868
15.214875283	98.0931
15.220680272	98.1368
15.226485261	98.0729
15.232290249	98.0565
15.238095238	98.0377
15.243900227	97.9782
15.249705215	97.9278
15.255510204	97.9157
15.261315193	97.8712
15.267120181	97.8742
15.272925170	97.8847
15.278730159	97.7893
15.284535147	97.8031
15.290340136	97.6291
15.296145125	97.544
15.301950113	97.5633
15.307755102	97.5786
15.313560091	0
15.319365079	0
15.325170068	0
15.330975057	0
15.336780045	0
15.342585034	0
15.348390023	73.3962
15.354195011	73.4101
15.360000000	73.3587
15.365804989	73.3159
15.371609977	73.3162
15.377414966	73.2714
15.383219955	73.2546
15.389024943	73.2743
15.394829932	73.2542
15.400634921	73.2715
15.406439909	73.2508
15.412244898	73.2746
15.418049887	73.2716
15.423854875	73.265
15.429659864	73.2682
15.435464853	73.234
15.441269841	73.2583
15.447074830	73.2304
15.452879819	73.2349
15.458684807	73.2376
15.464489796	73.2678
15.470294785	73.2402
15.476099773	73.2212
15.481904762	73.2364
15.487709751	73.1193
15.493514739	73.1443
15.499319728	73.164
15.505124717	73.131
15.510929705	73.1522
15.516734694	73.1514
15.522539683	73.1403
15.528344671	73.1544
15.534149660	73.1252
15.539954649	73.1301
15.545759637	73.0708
15.551564626	73.0634
15.557369615	73.0937
15.563174603	73.0151
15.568979592	73.0818
15.574784580	73.0085
15.580589569	72.9778
15.586394558	73.0463
15.592199546	72.9555
15.598004535	72.9722
15.603809524	72.9086
15.609614512	72.867
15.615419501	72.8675
15.621224490	72.8185
15.627029478	72.7182
15.632834467	0
15.638639456	0
15.644444444	0
15.650249433	0
15.656054422	0
15.661859410	0
15.667664399	0
15.673469388	0
15.679274376	138.5
15.685079365	138.932
15.690884354	138.707
15.696689342	138.734
15.702494331	138.941
15.708299320	138.748
15.714104308	138.69
15.719909297	138.852
15.725714286	138.713
15.731519274	138.715
15.737324263	138.742
15.743129252	138.841
15.748934240	138.724
15.754739229	138.708
15.760544218	138.877
15.766349206	138.639
15.772154195	138.789
15.777959184	138.731
15.783764172	138.654
15.789569161	138.706
15.795374150	138.554
15.801179138	138.637
15.806984127	138.612
15.812789116	138.643
15.818594104	138.353
15.824399093	137.663
15.830204082	138.041
15.836009070	137.903
15.841814059	138.203
15.847619048	138.543
15.853424036	138.422
15.859229025	138.413
15.865034014	138.447
15.870839002	138.316
15.876643991	138.323
15.882448980	138.395
15.888253968	138.353
15.894058957	138.41
15.899863946	138.342
15.905668934	138.342
15.911473923	138.331
15.917278912	138.253
15.923083900	138.281
15.928888889	138.303
15.934693878	138.264
15.940498866	138.068
15.946303855	138.135
15.952108844	138.205
15.957913832	138.138
15.963718821	138.186
15.969523810	138.009
15.975328798	137.765
15.981133787	0
15.986938776	0
15.992743764	0
15.998548753	0
16.004353741	0
16.010158730	65.5137
16.015963719	65.493
16.021768707	65.4523
16.027573696	65.4792
16.033378685	65.4731
16.039183673	65.4609
16.044988662	65.4816
16.050793651	65.4609
16.056598639	65.4497
16.062403628	65.3872
16.068208617	65.4267
16.074013605	65.4108
16.079818594	65.4508
16.085623583	65.4386
16.091428571	65.4704
16.097233560	65.4746
16.103038549	65.4263
16.108843537	65.4565
16.114648526	65.4105
16.120453515	65.4204
16.126258503	0
16.132063492	0
16.137868481	0
16.143673469	0
16.149478458	0
16.155283447	0
16.161088435	0
16.166893424	0
16.172698413	0
16.178503401	0
16.184308390	0
16.190113379	0
16.195918367	0
16.201723356	0
16.207528345	0
16.213333333	0
16.219138322	0
16.224943311	0
16.230748299	0
16.236553288	0
16.242358277	0
16.248163265	0
16.253968254	0
16.259773243	0
16.265578231	0
16.271383220	0
16.277188209	0
16.282993197	0
16.288798186	0
16.294603175	0
16.300408163	0
16.306213152	0
16.312018141	0
16.317823129	0
16.323628118	0
16.329433107	0
16.335238095	0
16.341043084	65.2018
16.346848073	65.247
16.352653061	65.3044
16.358458050	65.3671
16.364263039	65.3516
16.370068027	65.3445
16.375873016	65.3351
16.381678005	65.3077
16.387482993	65.2958
16.393287982	65.2864
16.399092971	65.2869
16.404897959	65.2586
16.410702948	65.285
16.416507937	65.2901
16.422312925	65.2748
16.428117914	65.2891
16.433922902	65.2921
16.439727891	65.276
16.445532880	65.2894
16.451337868	65.2667
16.457142857	65.2773
16.462947846	65.3156
16.468752834	65.3319
16.474557823	65.3964
16.480362812	65.425
16.486167800	65.4692
16.491972789	0
16.497777778	0
16.503582766	0
16.509387755	0
16.515192744	73.2625
16.520997732	73.2638
16.526802721	73.2002
16.532607710	73.1545
16.538412698	73.165
16.544217687	73.1713
16.550022676	73.271
16.555827664	73.2297
16.561632653	73.2586
16.567437642	73.2979
16.573242630	73.2903
16.579047619	73.2978
16.584852608	73.3054
16.590657596	73.3165
16.596462585	73.2926
16.602267574	73.3345
16.608072562	73.3479
16.613877551	73.3259
16.619682540	73.3397
16.625487528	73.3291
16.631292517	73.3386
16.637097506	73.2935
16.642902494	73.2613
16.648707483	73.1993
16.654512472	0
16.660317460	0
16.666122449	0
16.671927438	73.3182
16.677732426	73.0927
16.683537415	73.1159
16.689342404	73.0861
16.695147392	73.0628
16.700952381	73.198
16.706757370	73.1986
16.712562358	73.2906
16.718367347	73.1616
16.724172336	73.0761
16.729977324	73.2216
16.735782313	73.0817
16.741587302	73.163
16.747392290	73.3057
16.753197279	73.1634
16.759002268	73.3228
16.764807256	73.2927
16.770612245	73.2809
16.776417234	73.3506
16.782222222	73.2922
16.788027211	73.3438
16.793832200	73.4886
16.799637188	73.5511
16.805442177	73.8306
16.811247166	73.899
16.817052154	0
16.822857143	0
16.828662132	0
16.834467120	0
16.840272109	0
16.846077098	73.5256
16.851882086	73.5054
16.857687075	73.5166
16.863492063	73.3894
16.869297052	73.3521
16.875102041	73.3146
16.880907029	73.2582
16.886712018	73.2897
16.892517007	73.3404
16.898321995	73.3263
16.904126984	73.3399
16.909931973	73.4295
16.915736961	73.4088
16.921541950	73.3974
16.927346939	73.4441
16.933151927	73.4255
16.938956916	73.3972
16.944761905	73.4088
16.950566893	73.4628
16.956371882	73.4326
16.962176871	73.4185
16.967981859	73.4825
16.973786848	73.4663
16.979591837	73.5143
16.985396825	73.5408
16.991201814	73.5559
16.997006803	73.4987
17.002811791	73.4797
17.008616780	73.5653
17.014421769	73.5754
17.020226757	73.559
17.026031746	73.5219
17.031836735	73.4868
17.037641723	73.4594
17.043446712	73.4474
17.049251701	73.4607
17.055056689	73.4342
17.060861678	73.4185
17.066666667	73.4253
17.072471655	73.3894
17.078276644	73.3714
17.084081633	73.3455
17.089886621	73.3495
17.095691610	73.3101
17.101496599	73.3354
17.107301587	73.3613
17.113106576	73.3451
17.118911565	73.3677
17.124716553	73.3345
17.130521542	73.327
17.136326531	73.3296
17.142131519	73.4024
17.147936508	73.5789
17.153741497	0
17.159546485	0
17.165351474	0
17.171156463	0
17.176961451	65.1324
17.182766440	65.2929
17.188571429	65.3218
17.194376417	65.3959
17.200181406	65.3843
17.205986395	65.4736
17.211791383	65.4572
17.217596372	65.457
17.223401361	65.549
17.229206349	65.4788
17.235011338	65.5721
17.240816327	65.5678
17.246621315	65.5604
17.252426304	65.6075
17.258231293	65.5762
17.264036281	65.6307
17.269841270	65.6071
17.275646259	65.6229
17.281451247	65.6207
17.287256236	65.5446
17.293061224	65.5238
17.298866213	65.5303
17.304671202	65.4824
17.310476190	65.5636
17.316281179	0
17.322086168	0
17.327891156	0
17.333696145	0
17.339501134	0
17.345306122	73.2953
17.351111111	73.3275
17.356916100	73.3803
17.362721088	73.3871
17.368526077	73.4248
17.374331066	73.5357
17.380136054	73.5687
17.385941043	73.5815
17.391746032	73.5893
17.397551020	73.5626
17.403356009	73.5602
17.409160998	73.5403
17.414965986	73.5418
17.420770975	73.5243
17.426575964	73.5037
17.432380952	73.5142
17.438185941	73.4693
17.443990930	73.4551
17.449795918	73.4454
17.455600907	73.3681
17.461405896	73.3591
17.467210884	73.3268
17.473015873	73.355
17.478820862	73.4491
17.484625850	73.2546
17.490430839	73.117
17.496235828	73.0184
17.502040816	73.057
17.507845805	73.2685
17.513650794	73.3257
17.519455782	73.2836
17.525260771	73.3533
17.531065760	73.3195
17.536870748	73.2802
17.542675737	73.273
17.548480726	73.2682
17.554285714	73.3295
17.560090703	73.3618
17.565895692	73.3267
17.571700680	73.34
17.577505669	73.3058
17.583310658	73.289
17.589115646	73.3281
17.594920635	73.31
17.600725624	73.3725
17.606530612	73.3477
17.612335601	73.3587
17.618140590	73.419
17.623945578	73.4075
17.629750567	73.4686
17.635555556	73.5201
17.641360544	73.6269
17.647165533	73.5422
17.652970522	0
17.658775510	0
17.664580499	0
17.670385488	0
17.676190476	97.6616
17.681995465	97.8807
17.687800454	97.8236
17.693605442	97.9537
17.699410431	98.1068
17.705215420	98.1647
17.711020408	98.3034
17.716825397	98.3158
17.722630385	98.3834
17.728435374	98.307
17.734240363	98.2731
17.740045351	98.296
17.745850340	98.2865
17.751655329	98.2685
17.757460317	98.2959
17.763265306	98.2559
17.769070295	98.2211
17.774875283	98.2421
17.780680272	98.2724
17.786485261	98.2337
17.792290249	98.2339
17.798095238	98.2906
17.803900227	98.2797
17.809705215	98.1961
17.815510204	98.2836
17.821315193	98.232
17.827120181	98.2451
17.832925170	98.1738
17.838730159	97.8873
17.844535147	97.7016
17.850340136	97.5625
17.856145125	97.8319
17.861950113	97.9556
17.867755102	98.1631
17.873560091	98.1087
17.879365079	98.2376
17.885170068	98.2143
17.890975057	98.0903
17.896780045	98.1204
17.902585034	98.1815
17.908390023	98.0831
17.914195011	98.0937
17.920000000	98.0918
17.925804989	97.9768
17.931609977	98.0301
17.937414966	98.0388
17.943219955	97.981
17.949024943	97.9825
17.954829932	97.9449
17.960634921	97.8572
17.966439909	97.9908
17.972244898	97.8119
17.978049887	97.9268
17.983854875	0
17.989659864	0
17.995464853	0
18.001269841	0
18.007074830	0
18.012879819	73.889
18.018684807	73.7584
18.024489796	73.4009
18.030294785	73.3488
18.036099773	73.395
18.041904762	73.3697
18.047709751	73.2821
18.053514739	73.2444
18.059319728	73.1633
18.065124717	73.2295
18.070929705	73.1718
18.076734694	73.1671
18.082539683	73.1967
18.088344671	73.1269
18.094149660	73.1857
18.099954649	73.132
18.105759637	73.1529
18.111564626	73.1818
18.117369615	73.118
18.123174603	73.1856
18.128979592	73.1109
18.134784580	73.1717
18.140589569	73.1857
18.146394558	73.1479
18.152199546	73.2008
18.158004535	73.2334
18.163809524	73.5181
18.169614512	73.1784
18.175419501	73.2654
18.181224490	73.1598
18.187029478	72.9407
18.192834467	73.1999
18.198639456	73.1388
18.204444444	73.0909
18.210249433	73.1022
18.216054422	73.0667
18.221859410	73.0011
18.227664399	73.0061
18.233469388	73.0059
18.239274376	72.9622
18.245079365	73.003
18.250884354	72.962
18.256689342	72.9428
18.262494331	72.9883
18.268299320	72.9189
18.274104308	72.9624
18.279909297	72.9599
18.285714286	72.9504
18.291519274	73.0314
18.297324263	73.062
18.303129252	72.9882
18.308934240	73.0737
18.314739229	0
18.320544218	0
18.326349206	0
18.332154195	0
18.337959184	70.3826
18.343764172	69.8896
18.349569161	69.4705
18.355374150	68.9493
18.361179138	68.5376
18.366984127	68.5161
18.372789116	68.449
18.378594104	68.3739
18.384399093	68.2889
18.390204082	68.2764
18.396009070	68.3376
18.401814059	68.3884
18.407619048	68.4688
18.413424036	68.4851
18.419229025	68.535
18.425034014	68.5669
18.430839002	68.58
18.436643991	68.6029
18.442448980	68.6337
18.448253968	68.6527
18.454058957	68.6657
18.459863946	68.6558
18.465668934	68.6251
18.471473923	68.617
18.477278912	68.5465
18.483083900	68.7382
18.488888889	68.4878
18.494693878	68.0433
18.500498866	67.5068
18.506303855	66.5916
18.512108844	67.5442
18.517913832	68.3459
18.523718821	68.8785
18.529523810	68.9847
18.535328798	69.0592
18.541133787	68.9419
18.546938776	68.8976
18.552743764	68.8039
18.558548753	68.7958
18.564353741	68.8367
18.570158730	68.818
18.575963719	68.8606
18.581768707	68.9036
18.587573696	68.9335
18.593378685	68.9646
18.599183673	68.9543
18.604988662	68.9651
18.610793651	69.0006
18.616598639	69.0208
18.622403628	69.0554
18.628208617	69.0805
18.634013605	69.1074
18.639818594	69.2229
18.645623583	69.179
18.651428571	69.1082
18.657233560	0
18.663038549	0
18.668843537	0
18.674648526	0
18.680453515	65.3295
18.686258503	65.3427
18.692063492	65.347
18.697868481	65.4336
18.703673469	65.3743
18.709478458	65.371
18.715283447	65.4485
18.721088435	65.362
18.726893424	65.4216
18.732698413	65.4749
18.738503401	65.4009
18.744308390	65.5054
18.750113379	65.4993
18.755918367	65.4389
18.761723356	65.5036
18.767528345	65.4775
18.773333333	65.4715
18.779138322	65.4769
18.784943311	65.4839
18.790748299	65.4654
18.796553288	65.5441
18.802358277	65.5789
18.808163265	65.5217
18.813968254	65.747
18.819773243	0
18.825578231	0
18.831383220	0
18.837188209	0
18.842993197	0
18.848798186	0
18.854603175	0
18.860408163	0
18.866213152	0
18.872018141	0
18.877823129	0
18.883628118	0
18.889433107	0
18.895238095	0
18.901043084	0
18.906848073	0
18.912653061	0
18.918458050	0
18.924263039	0
18.930068027	0
18.935873016	0
18.941678005	0
18.947482993	0
18.953287982	0
18.959092971	0
18.964897959	0
18.970702948	0
18.976507937	0
18.982312925	0
18.988117914	0
18.993922902	0
18.999727891	0
19.005532880	0
19.011337868	65.3518
19.017142857	65.4212
19.022947846	65.3396
19.028752834	65.334
19.034557823	65.3261
19.040362812	65.3175
19.046167800	65.3131
19.051972789	65.3068
19.057777778	65.3018
19.063582766	65.3159
19.069387755	65.2998
19.075192744	65.304
19.080997732	65.3018
19.086802721	65.3081
19.092607710	65.3066
19.098412698	65.3107
19.104217687	65.3096
19.110022676	65.3039
19.115827664	65.2979
19.121632653	65.3428
19.127437642	65.3576
19.133242630	65.3535
19.139047619	65.4374
19.144852608	65.549
19.150657596	65.6097
19.156462585	0
19.162267574	0
19.168072562	0
19.173877551	73.7275
19.179682540	73.5708
19.185487528	73.4737
19.191292517	73.3963
19.197097506	73.4081
19.202902494	73.4579
19.208707483	73.543
19.214512472	73.5857
19.220317460	73.616
19.226122449	73.6143
19.231927438	73.6044
19.237732426	73.5818
19.243537415	73.5574
19.249342404	73.5445
19.255147392	73.5336
19.260952381	73.5254
19.266757370	73.5424
19.272562358	73.5299
19.278367347	73.5306
19.284172336	73.5317
19.289977324	73.5193
19.295782313	73.5286
19.301587302	73.5264
19.307392290	73.5721
19.313197279	73.6243
19.319002268	73.6313
19.324807256	74.0218
19.330612245	73.8996
19.336417234	73.7972
19.342222222	73.6288
19.348027211	73.2667
19.353832200	73.2861
19.359637188	73.2483
19.365442177	73.2792
19.371247166	73.3128
19.377052154	73.2759
19.382857143	73.2846
19.388662132	73.3004
19.394467120	73.1846
19.400272109	73.2137
19.406077098	73.0972
19.411882086	73.1427
19.417687075	73.0822
19.423492063	73.0892
19.429297052	73.1187
19.435102041	73.0118
19.440907029	73.0689
19.446712018	72.9674
19.452517007	73.0299
19.458321995	73.0187
19.464126984	72.9492
19.469931973	72.7958
19.475736961	72.8485
19.481541950	72.7916
19.487346939	0
19.493151927	0
19.498956916	0
19.504761905	73.0135
19.510566893	73.4767
19.516371882	73.5296
19.522176871	73.4968
19.527981859	73.521
19.533786848	73.4894
19.539591837	73.5292
19.545396825	73.4937
19.551201814	73.5327
19.557006803	73.5109
19.562811791	73.5463
19.568616780	73.5407
19.574421769	73.5648
19.580226757	73.5896
19.586031746	73.6097
19.591836735	73.6824
19.597641723	73.6821
19.603446712	73.6985
19.609251701	73.659
19.615056689	73.6512
19.620861678	73.638
19.626666667	73.6394
19.632471655	73.6601
19.638276644	73.5981
19.644081633	73.6243
19.649886621	73.5483
19.655691610	73.5394
19.661496599	73.5198
19.667301587	73.5221
19.673106576	73.5359
19.678911565	73.4779
19.684716553	73.5047
19.690521542	73.3975
19.696326531	73.4062
19.702131519	73.4066
19.707936508	73.3554
19.713741497	73.4139
19.719546485	73.3301
19.725351474	73.3228
19.731156463	73.2739
19.736961451	73.2259
19.742766440	73.2778
19.748571429	73.186
19.754376417	73.2818
19.760181406	73.2127
19.765986395	73.1761
19.771791383	73.268
19.777596372	73.1324
19.783401361	73.2744
19.789206349	73.2306
19.795011338	73.2491
19.800816327	73.4275
19.806621315	73.4137
19.812426304	73.5259
19.818231293	73.165
19.824036281	0
19.829841270	0
19.835646259	66.4892
19.841451247	65.7509
19.847256236	65.6515
19.853061224	65.5587
19.858866213	65.5298
19.864671202	65.526
19.870476190	65.6361
19.876281179	65.632
19.882086168	65.6669
19.887891156	65.6758
19.893696145	65.706
19.899501134	65.712
19.905306122	65.6966
19.911111111	65.7455
19.916916100	65.7237
19.922721088	65.8018
19.928526077	65.7618
19.934331066	65.7644
19.940136054	65.8216
19.945941043	65.7577
19.951746032	65.848
19.957551020	65.8784
19.963356009	65.9666
19.969160998	66.0983
19.974965986	65.9178
19.980770975	65.9594
19.986575964	0
19.992380952	0
19.998185941	0
20.003990930	0
20.009795918	72.8918
20.015600907	73.2112
20.021405896	73.1546
20.027210884	73.2703
20.033015873	73.4473
20.038820862	73.5312
20.044625850	73.6447
20.050430839	73.6789
20.056235828	73.6989
20.062040816	73.7003
20.067845805	73.671
20.073650794	73.6629
20.079455782	73.6592
20.085260771	73.6517
20.091065760	73.6375
20.096870748	73.6469
20.102675737	73.6471
20.108480726	73.6365
20.114285714	73.6351
20.120090703	73.6328
20.125895692	73.6303
20.131700680	73.6571
20.137505669	73.6577
20.143310658	73.6279
20.149115646	73.6035
20.154920635	73.7856
20.160725624	74.1834
20.166530612	73.4016
20.172335601	73.7882
20.178140590	73.327
20.183945578	73.3067
20.189750567	73.4897
20.195555556	73.3145
20.201360544	73.4405
20.207165533	73.3422
20.212970522	73.3202
20.218775510	73.2873
20.224580499	73.1735
20.230385488	73.2872
20.236190476	73.1563
20.241995465	73.2184
20.247800454	73.1555
20.253605442	73.0983
20.259410431	73.1601
20.265215420	73.0329
20.271020408	73.14
20.276825397	73.0067
20.282630385	73.0731
20.288435374	73.0658
20.294240363	73.1189
20.300045351	73.2245
20.305850340	73.2878
20.311655329	73.632
20.317460317	73.5675
20.323265306	0
20.329070295	0
20.334875283	0
20.340680272	0
20.346485261	0
20.352290249	98.4675
20.358095238	98.2249
20.363900227	97.9598
20.369705215	97.9806
20.375510204	98.1397
20.381315193	98.2605
20.387120181	98.3223
20.392925170	98.3013
20.398730159	98.2659
20.404535147	98.2129
20.410340136	98.1703
20.416145125	98.1701
20.421950113	98.129
20.427755102	98.1368
20.433560091	98.1288
20.439365079	98.1191
20.445170068	98.1397
20.450975057	98.1258
20.456780045	98.141
20.462585034	98.1267
20.468390023	98.1645
20.474195011	98.1281
20.480000000	98.0515
20.485804989	98.8754
20.491609977	99.3498
20.497414966	0
20.503219955	0
20.509024943	0
20.514829932	99.0063
20.520634921	98.5946
20.526439909	98.3037
20.532244898	98.2216
20.538049887	98.3447
20.543854875	98.3428
20.549659864	98.4718
20.555464853	98.5253
20.561269841	98.5163
20.567074830	98.4937
20.572879819	98.4993
20.578684807	98.4629
20.584489796	98.4114
20.590294785	98.4752
20.596099773	98.446
20.601904762	98.4425
20.607709751	98.459
20.613514739	98.4322
20.619319728	98.4677
20.625124717	98.3983
20.630929705	98.5107
20.636734694	98.5421
20.642539683	98.6782
20.648344671	99.2524
20.654149660	99.3074
20.659954649	0
20.665759637	0
20.671564626	0
20.677369615	0
20.683174603	0
20.688979592	73.3645
20.694784580	73.3644
20.700589569	73.3783
20.706394558	73.3473
20.712199546	73.359
20.718004535	73.3403
20.723809524	73.3064
20.729614512	73.3343
20.735419501	73.3166
20.741224490	73.2968
20.747029478	73.2738
20.752834467	73.2939
20.758639456	73.2895
20.764444444	73.2739
20.770249433	73.3009
20.776054422	73.269
20.776054422	73.269
20.781859410	73.2641
20.787664399	73.2414
20.793469388	73.3042
20.799274376	73.2813
20.805079365	73.318
20.810884354	73.1149
20.816689342	73.2373
20.828299320	0
20.834104308	0
20.839909297	0
20.845714286	0
20.851519274	0
20.857324263	73.708
20.863129252	73.6693
20.868934240	73.5145
20.874739229	73.3259
20.880544218	73.2832
20.886349206	73.182
20.892154195	73.2316
20.897959184	73.1471
20.903764172	73.1324
20.909569161	73.0946
20.915374150	73.0442
20.921179138	73.0481
20.926984127	73.0265
20.932789116	73.0218
20.938594104	73.0832
20.944399093	73.0723
20.950204082	73.0277
20.956009070	73.1836
20.961814059	0
20.967619048	0
20.973424036	0
20.979229025	0
20.985034014	0
20.990839002	0
20.996643991	0
21.002448980	0
21.008253968	0
21.014058957	0
21.019863946	139.001
21.025668934	137.969
21.031473923	138.449
21.037278912	138.147
21.043083900	138.104
21.048888889	137.839
21.054693878	137.585
21.060498866	137.764
21.066303855	137.741
21.072108844	137.843
21.077913832	137.866
21.083718821	137.87
21.089523810	137.969
21.095328798	137.934
21.101133787	137.952
21.106938776	137.997
21.112743764	137.926
21.118548753	137.881
21.124353741	137.934
21.130158730	137.75
21.135963719	137.718
21.141768707	137.722
21.147573696	137.432
21.153378685	137.021
21.159183673	136.946
21.164988662	139.713
21.170793651	139.507
21.176598639	139.169
21.182403628	139.123
21.188208617	137.955
21.194013605	138.235
21.199818594	138.394
21.205623583	138.25
21.211428571	138.099
21.217233560	137.926
21.223038549	137.956
21.228843537	138.094
21.234648526	138.329
21.240453515	138.343
21.246258503	138.445
21.252063492	138.491
21.257868481	138.55
21.263673469	138.643
21.269478458	138.763
21.275283447	138.696
21.281088435	138.546
21.286893424	138.7
21.292698413	138.607
21.298503401	138.846
21.304308390	139.097
21.310113379	138.795
21.315918367	139.186
21.321723356	138.267
21.327528345	139.918