0.029024943	275.438
0.034829932	275.319
0.040634921	275.964
0.046439909	276.637
0.052244898	277.22
0.058049887	277.565
0.063854875	277.565
0.069659864	277.483
0.075464853	277.454
0.081269841	277.312
0.087074830	277.043
0.092879819	276.948
0.098684807	276.799
0.104489796	276.803
0.110294785	276.818
0.116099773	276.754
0.121904762	276.866
0.127709751	276.95
0.133514739	277.004
0.139319728	277.211
0.145124717	277.297
0.150929705	277.416
0.156734694	277.514
0.162539683	277.493
0.168344671	277.518
0.174149660	277.424
0.179954649	277.391
0.185759637	277.357
0.191564626	277.372
0.197369615	277.426
0.203174603	277.505
0.208979592	277.532
0.214784580	277.439
0.220589569	277.373
0.226394558	277.266
0.232199546	277.196
0.238004535	277.113
0.243809524	277.066
0.249614512	276.987
0.255419501	276.885
0.261224490	276.844
0.267029478	276.737
0.272834467	276.689
0.278639456	276.678
0.284444444	276.7
0.290249433	276.724
0.296054422	276.828
0.301859410	277.006
0.307664399	277.062
0.313469388	277.258
0.319274376	277.329
0.325079365	277.397
0.330884354	277.668
0.336689342	277.782
0.342494331	277.971
0.348299320	278.131
0.354104308	278.126
0.359909297	278.126
0.365714286	278.118
0.371519274	278.036
0.377324263	277.98
0.383129252	277.896
0.388934240	277.799
0.394739229	277.817
0.400544218	277.831
0.406349206	277.915
0.412154195	278.015
0.417959184	278.068
0.423764172	278.182
0.429569161	278.231
0.435374150	278.241
0.441179138	278.236
0.446984127	278.158
0.452789116	278.135
0.458594104	278.175
0.464399093	278.179
0.470204082	278.296
0.476009070	278.476
0.481814059	278.657
0.487619048	278.895
0.493424036	279.062
0.499229025	279.084
0.505034014	278.998
0.510839002	278.739
0.516643991	278.482
0.522448980	278.148
0.528253968	277.643
0.534058957	276.833
0.539863946	276.031
0.545668934	275.145
0.551473923	274.372
0.557278912	273.422
0.563083900	272.199
0.568888889	271.289
0.574693878	270.209
0.580498866	268.411
0.586303855	267.129
0.592108844	264.798
0.597913832	260.414
0.603718821	0
0.609523810	0
0.615328798	0
0.621133787	0
0.626938776	223.277
0.632743764	220.073
0.638548753	217.826
0.644353741	211.306
0.650158730	207.441
0.655963719	208.099
0.661768707	208.012
0.667573696	208.207
0.673378685	208.363
0.679183673	208.275
0.684988662	208.185
0.690793651	208.622
0.696598639	208.651
0.702403628	208.601
0.708208617	208.757
0.714013605	208.68
0.719818594	208.432
0.725623583	208.288
0.731428571	208.093
0.737233560	207.853
0.743038549	207.657
0.748843537	207.309
0.754648526	207.034
0.760453515	206.779
0.766258503	206.649
0.772063492	206.59
0.777868481	206.536
0.783673469	206.532
0.789478458	206.44
0.795283447	206.271
0.801088435	206.247
0.806893424	206.196
0.812698413	206.209
0.818503401	206.308
0.824308390	206.327
0.830113379	206.36
0.835918367	206.372
0.841723356	206.333
0.847528345	206.297
0.853333333	206.37
0.859138322	206.577
0.864943311	206.806
0.870748299	207.13
0.876553288	207.333
0.882358277	207.525
0.888163265	207.661
0.893968254	207.718
0.899773243	207.671
0.905578231	207.627
0.911383220	207.565
0.917188209	207.551
0.922993197	207.595
0.928798186	207.576
0.934603175	207.55
0.940408163	207.496
0.946213152	207.367
0.952018141	207.277
0.957823129	207.225
0.963628118	207.195
0.969433107	207.278
0.975238095	207.283
0.981043084	207.332
0.986848073	207.255
0.992653061	207.175
0.998458050	207.094
1.004263039	206.974
1.010068027	206.929
1.015873016	206.878
1.021678005	206.881
1.027482993	206.869
1.033287982	206.899
1.039092971	206.947
1.044897959	206.933
1.050702948	206.972
1.056507937	206.946
1.062312925	206.88
1.068117914	206.823
1.073922902	206.771
1.079727891	206.723
1.085532880	206.729
1.091337868	206.736
1.097142857	206.77
1.102947846	206.836
1.108752834	206.867
1.114557823	207.003
1.120362812	207.133
1.126167800	207.349
1.131972789	207.664
1.137777778	207.941
1.143582766	208.203
1.149387755	208.345
1.155192744	208.311
1.160997732	208.224
1.166802721	208.065
1.172607710	207.912
1.178412698	207.786
1.184217687	207.757
1.190022676	207.829
1.195827664	207.949
1.201632653	208.16
1.207437642	208.481
1.213242630	208.823
1.219047619	209.255
1.224852608	209.815
1.230657596	210.124
1.236462585	210.842
1.242267574	211.618
1.248072562	212.413
1.253877551	214.122
1.259682540	0
1.265487528	0
1.271292517	249.61
1.277097506	257.848
1.282902494	263.194
1.288707483	266.348
1.294512472	271.043
1.300317460	275.329
1.306122449	278.409
1.311927438	279.937
1.317732426	280.042
1.323537415	279.61
1.329342404	279.907
1.335147392	280.145
1.340952381	280.164
1.346757370	280.157
1.352562358	280.186
1.358367347	280.413
1.364172336	280.769
1.369977324	280.603
1.375782313	280.396
1.381587302	280.193
1.387392290	280.128
1.393197279	280.129
1.399002268	280.043
1.404807256	279.939
1.410612245	279.894
1.416417234	279.908
1.422222222	279.883
1.428027211	279.788
1.433832200	279.693
1.439637188	279.659
1.445442177	279.619
1.451247166	279.648
1.457052154	279.669
1.462857143	279.664
1.468662132	279.708
1.474467120	279.698
1.480272109	279.691
1.486077098	279.663
1.491882086	279.655
1.497687075	279.587
1.503492063	279.432
1.509297052	279.34
1.515102041	279.138
1.520907029	278.982
1.526712018	278.906
1.532517007	278.8
1.538321995	278.805
1.544126984	278.785
1.549931973	278.804
1.555736961	278.825
1.561541950	278.784
1.567346939	278.793
1.573151927	278.75
1.578956916	278.69
1.584761905	278.668
1.590566893	278.613
1.596371882	278.609
1.602176871	278.556
1.607981859	278.496
1.613786848	278.461
1.619591837	278.356
1.625396825	278.292
1.631201814	278.251
1.637006803	278.142
1.642811791	278.039
1.648616780	277.916
1.654421769	277.815
1.660226757	277.753
1.666031746	277.713
1.671836735	277.725
1.677641723	277.71
1.683446712	277.73
1.689251701	277.732
1.695056689	277.737
1.700861678	277.667
1.706666667	277.66
1.712471655	277.595
1.718276644	277.477
1.724081633	277.445
1.729886621	277.296
1.735691610	277.163
1.741496599	277.075
1.747301587	276.968
1.753106576	276.881
1.758911565	276.902
1.764716553	276.846
1.770521542	276.773
1.776326531	276.758
1.782131519	276.798
1.787936508	276.834
1.793741497	276.949
1.799546485	277.1
1.805351474	277.257
1.811156463	277.532
1.816961451	277.804
1.822766440	277.964
1.828571429	278.039
1.834376417	278.082
1.840181406	278.283
1.845986395	278.681
1.851791383	278.934
1.857596372	279.479
1.863401361	279.796
1.869206349	279.602
1.875011338	281.268
1.880816327	281.35
1.886621315	283.973
1.892426304	286.062
1.898231293	283.346
1.904036281	281.53
1.909841270	282.551
1.915646259	280.452
1.921451247	279.156
1.927256236	283.104
1.933061224	288.043
1.938866213	294.623
1.944671202	306.82
1.950476190	307.223
1.956281179	308.8
1.962086168	311.231
1.967891156	309.601
1.973696145	308.304
1.979501134	308.658
1.985306122	308.67
1.991111111	308.647
1.996916100	309.395
2.002721088	309.415
2.008526077	309.517
2.014331066	309.739
2.020136054	309.539
2.025941043	309.606
2.031746032	309.558
2.037551020	309.508
2.043356009	309.546
2.049160998	309.439
2.054965986	309.308
2.060770975	309.43
2.066575964	309.457
2.072380952	309.46
2.078185941	309.476
2.083990930	309.555
2.089795918	309.768
2.095600907	309.898
2.101405896	310.025
2.107210884	310.133
2.113015873	310.274
2.118820862	310.358
2.124625850	310.33
2.130430839	310.35
2.136235828	310.332
2.142040816	310.316
2.147845805	310.357
2.153650794	310.257
2.159455782	310.212
2.165260771	310.146
2.171065760	310.08
2.176870748	310.082
2.182675737	310.043
2.188480726	309.914
2.194285714	309.876
2.200090703	309.841
2.205895692	309.775
2.211700680	309.793
2.217505669	309.801
2.223310658	309.769
2.229115646	309.794
2.234920635	309.897
2.240725624	309.934
2.246530612	310.092
2.252335601	310.203
2.258140590	310.269
2.263945578	310.36
2.269750567	310.404
2.275555556	310.4
2.281360544	310.478
2.287165533	310.501
2.292970522	310.58
2.298775510	310.57
2.304580499	310.566
2.310385488	310.644
2.316190476	310.617
2.321995465	310.77
2.327800454	310.834
2.333605442	310.843
2.339410431	310.882
2.345215420	310.816
2.351020408	310.827
2.356825397	310.795
2.362630385	310.674
2.368435374	310.65
2.374240363	310.493
2.380045351	310.371
2.385850340	310.424
2.391655329	310.401
2.397460317	310.406
2.403265306	310.353
2.409070295	310.252
2.414875283	310.076
2.420680272	309.933
2.426485261	309.862
2.432290249	309.765
2.438095238	309.737
2.443900227	309.709
2.449705215	309.744
2.455510204	309.718
2.461315193	309.722
2.467120181	309.701
2.472925170	309.685
2.478730159	309.709
2.484535147	309.714
2.490340136	309.773
2.496145125	309.846
2.501950113	309.903
2.507755102	309.963
2.513560091	309.98
2.519365079	309.959
2.525170068	309.969
2.530975057	310.005
2.536780045	310.112
2.542585034	310.164
2.548390023	310.24
2.554195011	310.299
2.560000000	310.376
2.565804989	310.411
2.571609977	310.494
2.577414966	310.601
2.583219955	310.628
2.589024943	310.696
2.594829932	310.666
2.600634921	310.617
2.606439909	310.519
2.612244898	310.484
2.618049887	310.445
2.623854875	310.365
2.629659864	310.293
2.635464853	310.238
2.641269841	310.181
2.647074830	310.083
2.652879819	309.983
2.658684807	309.893
2.664489796	309.756
2.670294785	309.664
2.676099773	309.603
2.681904762	309.469
2.687709751	309.387
2.693514739	309.319
2.699319728	309.256
2.705124717	309.219
2.710929705	309.177
2.716734694	309.158
2.722539683	309.136
2.728344671	309.106
2.734149660	309.152
2.739954649	309.232
2.745759637	309.342
2.751564626	309.454
2.757369615	309.484
2.763174603	309.582
2.768979592	309.672
2.774784580	309.773
2.780589569	309.962
2.786394558	310.091
2.792199546	310.217
2.798004535	310.374
2.803809524	310.454
2.809614512	310.596
2.815419501	310.709
2.821224490	310.824
2.827029478	310.963
2.832834467	311.009
2.838639456	311.088
2.844444444	311.097
2.850249433	311.074
2.856054422	311.101
2.861859410	311.141
2.867664399	311.138
2.873469388	311.155
2.879274376	311.064
2.885079365	310.96
2.890884354	310.853
2.896689342	310.651
2.902494331	310.507
2.908299320	310.312
2.914104308	310.126
2.919909297	310.007
2.925714286	309.83
2.931519274	309.641
2.937324263	309.489
2.943129252	309.318
2.948934240	309.225
2.954739229	309.212
2.960544218	309.118
2.966349206	309.168
2.972154195	309.212
2.977959184	309.297
2.983764172	309.468
2.989569161	309.508
2.995374150	309.771
3.001179138	309.81
3.006984127	309.834
3.012789116	309.946
3.018594104	309.98
3.024399093	309.995
3.030204082	310.052
3.036009070	310.187
3.041814059	310.208
3.047619048	310.318
3.053424036	310.383
3.059229025	310.427
3.065034014	310.511
3.070839002	310.582
3.076643991	310.683
3.082448980	310.709
3.088253968	310.781
3.094058957	310.889
3.099863946	310.923
3.105668934	310.947
3.111473923	310.915
3.117278912	310.947
3.123083900	310.857
3.128888889	310.798
3.134693878	310.76
3.140498866	310.607
3.146303855	310.63
3.152108844	310.64
3.157913832	310.629
3.163718821	310.653
3.169523810	310.623
3.175328798	310.58
3.181133787	310.588
3.186938776	310.606
3.192743764	310.611
3.198548753	310.524
3.204353741	309.839
3.210158730	309.232
3.215963719	309.087
3.221768707	308.677
3.227573696	308.037
3.233378685	308.003
3.239183673	307.484
3.244988662	306.751
3.250793651	306.89
3.256598639	302.294
3.262403628	293.28
3.268208617	286.255
3.274013605	277.987
3.279818594	276.615
3.285623583	277.072
3.291428571	277.846
3.297233560	278.374
3.303038549	278.552
3.308843537	278.672
3.314648526	278.94
3.320453515	278.889
3.326258503	278.941
3.332063492	278.83
3.337868481	278.769
3.343673469	278.909
3.349478458	278.452
3.355283447	278.041
3.361088435	277.599
3.366893424	277.43
3.372698413	277.277
3.378503401	277.121
3.384308390	277.07
3.390113379	277.067
3.395918367	277.13
3.401723356	277.15
3.407528345	277.245
3.413333333	277.403
3.419138322	277.583
3.424943311	277.871
3.430748299	278.124
3.436553288	278.436
3.442358277	278.744
3.448163265	279.073
3.453968254	279.273
3.459773243	279.423
3.465578231	279.486
3.471383220	279.463
3.477188209	279.4
3.482993197	279.272
3.488798186	279.179
3.494603175	279.091
3.500408163	279.048
3.506213152	278.96
3.512018141	278.806
3.517823129	278.545
3.523628118	278.313
3.529433107	278.209
3.535238095	278.131
3.541043084	278.035
3.546848073	277.915
3.552653061	277.227
3.558458050	275.863
3.564263039	275.13
3.570068027	273.517
3.575873016	273.769
3.581678005	280.069
3.587482993	285.842
3.593287982	297.024
3.599092971	302.313
3.604897959	302.876
3.610702948	304.874
3.616507937	305.488
3.622312925	308.004
3.628117914	308.323
3.633922902	307.874
3.639727891	307.771
3.645532880	308.218
3.651337868	308.699
3.657142857	308.761
3.662947846	308.728
3.668752834	308.804
3.674557823	308.857
3.680362812	308.867
3.686167800	308.951
3.691972789	309.031
3.697777778	309.159
3.703582766	309.271
3.709387755	309.449
3.715192744	309.53
3.720997732	309.672
3.726802721	309.832
3.732607710	309.958
3.738412698	310.079
3.744217687	310.136
3.750022676	310.229
3.755827664	310.365
3.761632653	310.418
3.767437642	310.453
3.773242630	310.506
3.779047619	310.568
3.784852608	310.749
3.790657596	310.921
3.796462585	311.045
3.802267574	311.183
3.808072562	311.251
3.813877551	311.224
3.819682540	311.112
3.825487528	310.802
3.831292517	310.579
3.837097506	310.327
3.842902494	310.079
3.848707483	309.908
3.854512472	309.603
3.860317460	309.511
3.866122449	309.425
3.871927438	309.257
3.877732426	309.159
3.883537415	309.01
3.889342404	308.657
3.895147392	308.337
3.900952381	307.595
3.906757370	306.905
3.912562358	308.318
3.918367347	309.199
3.924172336	310.303
3.929977324	311.537
3.935782313	0
3.941587302	0
3.947392290	352.655
3.953197279	365.927
3.959002268	366.759
3.964807256	372.579
3.970612245	372.244
3.976417234	369.811
3.982222222	371.082
3.988027211	368.456
3.993832200	368.716
3.999637188	370.743
4.005442177	369.49
4.011247166	370.312
4.017052154	370.421
4.022857143	370.432
4.028662132	371.692
4.034467120	371.144
4.040272109	370.945
4.046077098	371.294
4.051882086	371.073
4.057687075	371.41
4.063492063	371.778
4.069297052	371.396
4.075102041	371.552
4.080907029	371.585
4.086712018	371.298
4.092517007	371.585
4.098321995	371.543
4.104126984	371.578
4.109931973	371.688
4.115736961	371.335
4.121541950	371.224
4.127346939	371.194
4.133151927	371.021
4.138956916	370.99
4.144761905	370.773
4.150566893	370.625
4.156371882	370.523
4.162176871	370.319
4.167981859	370.244
4.173786848	370.019
4.179591837	369.907
4.185396825	369.885
4.191201814	369.896
4.197006803	369.877
4.202811791	369.85
4.208616780	369.954
4.214421769	369.934
4.220226757	369.986
4.226031746	370.098
4.231836735	370.044
4.237641723	370.081
4.243446712	370.255
4.249251701	370.207
4.255056689	370.31
4.260861678	370.458
4.266666667	370.416
4.272471655	370.584
4.278276644	370.644
4.284081633	370.622
4.289886621	370.66
4.295691610	370.55
4.301496599	370.484
4.307301587	370.429
4.313106576	370.307
4.318911565	370.316
4.324716553	370.291
4.330521542	370.229
4.336326531	370.308
4.342131519	370.265
4.347936508	370.17
4.353741497	370.143
4.359546485	370.101
4.365351474	369.944
4.371156463	369.967
4.376961451	369.96
4.382766440	369.848
4.388571429	369.922
4.394376417	369.867
4.400181406	369.804
4.405986395	369.903
4.411791383	369.961
4.417596372	370.019
4.423401361	370.081
4.429206349	370.053
4.435011338	370.04
4.440816327	370.031
4.446621315	370.193
4.452426304	370.319
4.458231293	370.309
4.464036281	370.533
4.469841270	370.573
4.475646259	370.626
4.481451247	370.861
4.487256236	370.953
4.493061224	370.941
4.498866213	370.919
4.504671202	371.067
4.510476190	371.039
4.516281179	371.133
4.522086168	371.324
4.527891156	371.188
4.533696145	371.227
4.539501134	371.258
4.545306122	371.163
4.551111111	371.176
4.556916100	371.224
4.562721088	371.427
4.568526077	371.471
4.574331066	371.988
4.580136054	372.6
4.585941043	373.77
4.591746032	377.354
4.597551020	381.114
4.603356009	382.202
4.609160998	381.161
4.614965986	372.702
4.620770975	365.274
4.626575964	350.498
4.632380952	348.001
4.638185941	345.467
4.643990930	344.452
4.649795918	344.491
4.655600907	344.471
4.661405896	344.327
4.667210884	344.349
4.673015873	344.329
4.678820862	344.025
4.684625850	344.114
4.690430839	344.361
4.696235828	344.674
4.702040816	344.767
4.707845805	344.73
4.713650794	344.544
4.719455782	344.443
4.725260771	344.391
4.731065760	344.444
4.736870748	344.54
4.742675737	344.581
4.748480726	344.651
4.754285714	344.686
4.760090703	344.701
4.765895692	344.737
4.771700680	344.895
4.777505669	344.918
4.783310658	344.919
4.789115646	345.01
4.794920635	345.014
4.800725624	345.068
4.806530612	345.174
4.812335601	345.152
4.818140590	345.276
4.823945578	345.351
4.829750567	345.413
4.835555556	345.495
4.841360544	345.486
4.847165533	345.539
4.852970522	345.472
4.858775510	345.458
4.864580499	345.449
4.870385488	345.466
4.876190476	345.504
4.881995465	345.551
4.887800454	345.57
4.893605442	345.589
4.899410431	345.664
4.905215420	345.592
4.911020408	345.671
4.916825397	345.649
4.922630385	345.597
4.928435374	345.59
4.934240363	345.562
4.940045351	345.617
4.945850340	345.644
4.951655329	345.748
4.957460317	345.792
4.963265306	345.817
4.969070295	345.837
4.974875283	345.806
4.980680272	345.796
4.986485261	345.719
4.992290249	345.736
4.998095238	345.75
5.003900227	345.739
5.009705215	345.823
5.015510204	345.835
5.021315193	345.854
5.027120181	345.85
5.032925170	345.908
5.038730159	345.837
5.044535147	345.833
5.050340136	345.81
5.056145125	345.711
5.061950113	345.779
5.067755102	345.711
5.073560091	345.797
5.079365079	345.852
5.085170068	345.842
5.090975057	345.992
5.096780045	346.038
5.102585034	346.035
5.108390023	346.168
5.114195011	346.274
5.120000000	346.321
5.125804989	346.422
5.131609977	346.439
5.137414966	346.384
5.143219955	346.414
5.149024943	346.361
5.154829932	346.261
5.160634921	346.16
5.166439909	345.914
5.172244898	345.695
5.178049887	345.352
5.183854875	344.788
5.189659864	344.141
5.195464853	343.471
5.201269841	342.944
5.207074830	342.647
5.212879819	341.756
5.218684807	341.058
5.224489796	341.195
5.230294785	338.178
5.236099773	335.441
5.241904762	328.27
5.247709751	315.84
5.253514739	0
5.259319728	284.256
5.265124717	283.842
5.270929705	280.667
5.276734694	279.243
5.282539683	278.845
5.288344671	278.329
5.294149660	278.789
5.299954649	278.488
5.305759637	278.309
5.311564626	278.349
5.317369615	278.641
5.323174603	278.969
5.328979592	278.503
5.334784580	278.512
5.340589569	278.591
5.346394558	278.473
5.352199546	278.586
5.358004535	278.343
5.363809524	278.166
5.369614512	278.156
5.375419501	278.043
5.381224490	277.975
5.387029478	277.898
5.392834467	277.856
5.398639456	277.786
5.404444444	277.795
5.410249433	277.79
5.416054422	277.822
5.421859410	277.994
5.427664399	278.064
5.433469388	278.219
5.439274376	278.413
5.445079365	278.553
5.450884354	278.707
5.456689342	278.767
5.462494331	278.79
5.468299320	278.707
5.474104308	278.695
5.479909297	278.679
5.485714286	278.577
5.491519274	278.586
5.497324263	278.564
5.503129252	278.591
5.508934240	278.632
5.514739229	278.65
5.520544218	278.68
5.526349206	278.675
5.532154195	278.647
5.537959184	278.578
5.543764172	278.569
5.549569161	278.459
5.555374150	278.4
5.561179138	278.293
5.566984127	278.118
5.572789116	278.058
5.578594104	277.965
5.584399093	277.978
5.590204082	278.015
5.596009070	278.146
5.601814059	278.317
5.607619048	278.497
5.613424036	278.722
5.619229025	278.911
5.625034014	279.054
5.630839002	279.213
5.636643991	279.29
5.642448980	279.278
5.648253968	279.299
5.654058957	279.227
5.659863946	279.214
5.665668934	279.22
5.671473923	279.146
5.677278912	279.028
5.683083900	278.957
5.688888889	278.829
5.694693878	278.782
5.700498866	278.859
5.706303855	278.885
5.712108844	278.91
5.717913832	278.975
5.723718821	279.044
5.729523810	279.056
5.735328798	279.183
5.741133787	279.217
5.746938776	279.294
5.752743764	279.268
5.758548753	279.183
5.764353741	278.394
5.770158730	277.729
5.775963719	276.797
5.781768707	275.682
5.787573696	277.679
5.793378685	277.629
5.799183673	279.434
5.804988662	279.306
5.810793651	279.374
5.816598639	280.063
5.822403628	278.636
5.828208617	277.775
5.834013605	276.637
5.839818594	277.722
5.845623583	276.565
5.851428571	278.366
5.857233560	280.107
5.863038549	278.123
5.868843537	279.307
5.874648526	279.86
5.880453515	279.652
5.886258503	280.252
5.892063492	282.987
5.897868481	0
5.903673469	0
5.909478458	0
5.915283447	0
5.921088435	0
5.926893424	0
5.932698413	0
5.938503401	0
5.944308390	188.294
5.950113379	191.515
5.955918367	189.885
5.961723356	188.134
5.967528345	186.086
5.973333333	185.206
5.979138322	185.202
5.984943311	184.62
5.990748299	184.158
5.996553288	183.917
6.002358277	184.119
6.008163265	184.915
6.013968254	185.475
6.019773243	185.649
6.025578231	185.847
6.031383220	185.827
6.037188209	185.896
6.042993197	185.976
6.048798186	185.868
6.054603175	185.798
6.060408163	185.734
6.066213152	185.609
6.072018141	185.579
6.077823129	185.481
6.083628118	185.383
6.089433107	185.283
6.095238095	185.137
6.101043084	185.012
6.106848073	184.896
6.112653061	184.843
6.118458050	184.808
6.124263039	184.861
6.130068027	184.932
6.135873016	185.008
6.141678005	185.138
6.147482993	185.204
6.153287982	185.242
6.159092971	185.3
6.164897959	185.22
6.170702948	185.254
6.176507937	185.188
6.182312925	185.127
6.188117914	185.172
6.193922902	185.131
6.199727891	185.216
6.205532880	185.284
6.211337868	185.281
6.217142857	185.343
6.222947846	185.372
6.228752834	185.34
6.234557823	185.415
6.240362812	185.36
6.246167800	185.374
6.251972789	185.315
6.257777778	185.236
6.263582766	185.194
6.269387755	185.069
6.275192744	185.035
6.280997732	185.022
6.286802721	185
6.292607710	185.004
6.298412698	185.027
6.304217687	185.009
6.310022676	184.949
6.315827664	184.862
6.321632653	184.754
6.327437642	184.688
6.333242630	184.629
6.339047619	184.641
6.344852608	184.616
6.350657596	184.511
6.356462585	184.485
6.362267574	184.433
6.368072562	184.395
6.373877551	184.433
6.379682540	184.517
6.385487528	184.621
6.391292517	184.714
6.397097506	184.805
6.402902494	184.845
6.408707483	184.822
6.414512472	184.863
6.420317460	184.923
6.426122449	184.98
6.431927438	185.086
6.437732426	185.176
6.443537415	185.217
6.449342404	185.35
6.455147392	185.363
6.460952381	185.546
6.466757370	185.658
6.472562358	185.775
6.478367347	185.935
6.484172336	185.95
6.489977324	186.024
6.495782313	185.928
6.501587302	185.934
6.507392290	185.822
6.513197279	185.847
6.519002268	185.72
6.524807256	185.624
6.530612245	185.577
6.536417234	185.286
6.542222222	185.32
6.548027211	185.099
6.553832200	184.911
6.559637188	184.991
6.565442177	184.782
6.571247166	184.832
6.577052154	184.87
6.582857143	184.793
6.588662132	184.886
6.594467120	184.898
6.600272109	185.054
6.606077098	185.092
6.611882086	185.188
6.617687075	185.303
6.623492063	185.316
6.629297052	185.354
6.635102041	185.37
6.640907029	185.349
6.646712018	185.243
6.652517007	185.27
6.658321995	185.246
6.664126984	185.243
6.669931973	185.305
6.675736961	185.35
6.681541950	185.427
6.687346939	185.549
6.693151927	185.639
6.698956916	185.757
6.704761905	185.934
6.710566893	186.115
6.716371882	186.303
6.722176871	186.479
6.727981859	186.515
6.733786848	186.523
6.739591837	186.464
6.745396825	186.369
6.751201814	186.272
6.757006803	186.242
6.762811791	186.119
6.768616780	186.033
6.774421769	185.919
6.780226757	185.721
6.786031746	185.675
6.791836735	185.575
6.797641723	185.514
6.803446712	185.417
6.809251701	185.335
6.815056689	185.244
6.820861678	185.157
6.826666667	185.083
6.832471655	185.008
6.838276644	184.922
6.844081633	184.853
6.849886621	184.759
6.855691610	184.646
6.861496599	184.578
6.867301587	184.509
6.873106576	184.524
6.878911565	184.55
6.884716553	184.603
6.890521542	184.712
6.896326531	184.765
6.902131519	184.852
6.907936508	184.876
6.913741497	184.874
6.919546485	184.927
6.925351474	184.908
6.931156463	184.948
6.936961451	185.007
6.942766440	184.91
6.948571429	184.965
6.954376417	184.988
6.960181406	185.008
6.965986395	185.186
6.971791383	185.284
6.977596372	185.381
6.983401361	185.455
6.989206349	185.535
6.995011338	185.573
7.000816327	185.611
7.006621315	185.585
7.012426304	185.621
7.018231293	185.612
7.024036281	185.577
7.029841270	185.595
7.035646259	185.555
7.041451247	185.577
7.047256236	185.584
7.053061224	185.651
7.058866213	185.679
7.064671202	185.681
7.070476190	185.711
7.076281179	185.704
7.082086168	185.759
7.087891156	185.876
7.093696145	186.012
7.099501134	186.099
7.105306122	186.101
7.111111111	186.059
7.116916100	185.936
7.122721088	185.768
7.128526077	185.604
7.134331066	185.454
7.140136054	185.271
7.145941043	185.227
7.151746032	185.127
7.157551020	185.133
7.163356009	185.247
7.169160998	185.288
7.174965986	185.442
7.180770975	185.476
7.186575964	185.481
7.192380952	185.37
7.198185941	185.155
7.203990930	184.99
7.209795918	184.718
7.215600907	184.64
7.221405896	184.629
7.227210884	184.502
7.233015873	184.769
7.238820862	184.958
7.244625850	185.16
7.250430839	185.31
7.256235828	185.331
7.262040816	185.408
7.267845805	185.355
7.273650794	185.264
7.279455782	184.883
7.285260771	184.654
7.291065760	184.619
7.296870748	184.729
7.302675737	184.829
7.308480726	184.849
7.314285714	184.877
7.320090703	185.321
7.325895692	185.356
7.331700680	185.307
7.337505669	183.523
7.343310658	0
7.349115646	0
7.354920635	0
7.360725624	0
7.366530612	0
7.372335601	0
7.378140590	0
7.383945578	0
7.389750567	0
7.395555556	0
7.401360544	0
7.407165533	0
7.412970522	0
7.418775510	0
7.424580499	0
7.430385488	0
7.436190476	0
7.441995465	0
7.447800454	0
7.453605442	0
7.459410431	0
7.465215420	0
7.471020408	0
7.476825397	0
7.482630385	0
7.488435374	0
7.494240363	0
7.500045351	0
7.505850340	0
7.511655329	0
7.517460317	0
7.523265306	0
7.529070295	0
7.534875283	0
7.540680272	0
7.546485261	0
7.552290249	0
7.558095238	0
7.563900227	0
7.569705215	0
7.575510204	0
7.581315193	0
7.587120181	0
7.592925170	0
7.598730159	0
7.604535147	0
7.610340136	0
7.616145125	0
7.621950113	0
7.627755102	0
7.633560091	0
7.639365079	0
7.645170068	0
7.650975057	0
7.656780045	0
7.662585034	0
7.668390023	0
7.674195011	0
7.680000000	0
7.685804989	0
7.691609977	0
7.697414966	0
7.703219955	0
7.709024943	0
7.714829932	0
7.720634921	0
7.726439909	0
7.732244898	0
7.738049887	0
7.743854875	0
7.749659864	0
7.755464853	0
7.761269841	0
7.767074830	0
7.772879819	0
7.778684807	0
7.784489796	0
7.790294785	0
7.796099773	0
7.801904762	0
7.807709751	0
7.813514739	0
7.819319728	0
7.825124717	0
7.830929705	0
7.836734694	0
7.842539683	0
7.848344671	0
7.854149660	0
7.859954649	0
7.865759637	0
7.871564626	0
7.877369615	0
7.883174603	0
7.888979592	0
7.894784580	0
7.900589569	0
7.906394558	0
7.912199546	0
7.918004535	0
7.923809524	0
7.929614512	0
7.935419501	0
7.941224490	0
7.947029478	0
7.952834467	0
7.958639456	0
7.964444444	0
7.970249433	0
7.976054422	0
7.981859410	0
7.987664399	0
7.993469388	0
7.999274376	0
8.005079365	0
8.010884354	0
8.016689342	159.219
8.022494331	157.252
8.028299320	149.518
8.034104308	148.374
8.039909297	148.849
8.045714286	149.409
8.051519274	150.633
8.057324263	151.429
8.063129252	151.807
8.068934240	152.161
8.074739229	152.335
8.080544218	152.59
8.086349206	152.928
8.092154195	152.956
8.097959184	152.987
8.103764172	152.976
8.109569161	153.005
8.115374150	153.061
8.121179138	152.945
8.126984127	152.918
8.132789116	152.872
8.138594104	152.807
8.144399093	152.849
8.150204082	152.93
8.156009070	153.07
8.161814059	153.229
8.167619048	153.354
8.173424036	153.523
8.179229025	153.721
8.185034014	153.824
8.190839002	154.035
8.196643991	154.148
8.202448980	154.174
8.208253968	154.216
8.214058957	154.116
8.219863946	154.066
8.225668934	154.081
8.231473923	154.165
8.237278912	154.425
8.243083900	154.712
8.248888889	154.898
8.254693878	155.068
8.260498866	155.161
8.266303855	155.207
8.272108844	155.286
8.277913832	155.366
8.283718821	155.498
8.289523810	155.619
8.295328798	155.71
8.301133787	155.779
8.306938776	155.769
8.312743764	155.765
8.318548753	155.777
8.324353741	155.713
8.330158730	155.709
8.335963719	155.701
8.341768707	155.688
8.347573696	155.71
8.353378685	155.734
8.359183673	155.765
8.364988662	155.775
8.370793651	155.836
8.376598639	155.871
8.382403628	155.907
8.388208617	155.97
8.394013605	156.003
8.399818594	156.006
8.405623583	156.051
8.411428571	156.057
8.417233560	156.046
8.423038549	155.985
8.428843537	155.879
8.434648526	155.822
8.440453515	155.739
8.446258503	155.726
8.452063492	155.7
8.457868481	155.594
8.463673469	155.469
8.469478458	155.296
8.475283447	155.067
8.481088435	154.848
8.486893424	154.683
8.492698413	154.588
8.498503401	154.566
8.504308390	154.704
8.510113379	154.904
8.515918367	155.052
8.521723356	155.281
8.527528345	155.423
8.533333333	155.612
8.539138322	155.777
8.544943311	155.778
8.550748299	155.986
8.556553288	156.023
8.562358277	156.149
8.568163265	156.301
8.573968254	156.344
8.579773243	156.502
8.585578231	156.614
8.591383220	156.706
8.597188209	156.669
8.602993197	156.711
8.608798186	156.83
8.614603175	156.908
8.620408163	157.196
8.626213152	157.672
8.632018141	158.089
8.637823129	158.984
8.643628118	160.205
8.649433107	160.59
8.655238095	161.122
8.661043084	161.938
8.666848073	162.532
8.672653061	165.187
8.678458050	170.154
8.684263039	171.289
8.690068027	172.202
8.695873016	172.607
8.701678005	173.17
8.707482993	173.621
8.713287982	173.817
8.719092971	174.154
8.724897959	174.252
8.730702948	174.435
8.736507937	174.491
8.742312925	174.475
8.748117914	174.395
8.753922902	174.192
8.759727891	173.967
8.765532880	173.781
8.771337868	173.529
8.777142857	173.387
8.782947846	173.254
8.788752834	173.126
8.794557823	173.079
8.800362812	172.986
8.806167800	172.99
8.811972789	172.944
8.817777778	172.917
8.823582766	172.958
8.829387755	172.969
8.835192744	172.995
8.840997732	173.056
8.846802721	173.079
8.852607710	173.091
8.858412698	173.136
8.864217687	173.115
8.870022676	173.096
8.875827664	173.108
8.881632653	173.13
8.887437642	173.14
8.893242630	173.162
8.899047619	173.179
8.904852608	173.18
8.910657596	173.218
8.916462585	173.272
8.922267574	173.326
8.928072562	173.36
8.933877551	173.359
8.939682540	173.307
8.945487528	173.203
8.951292517	173.105
8.957097506	172.971
8.962902494	172.912
8.968707483	172.84
8.974512472	172.853
8.980317460	172.847
8.986122449	172.853
8.991927438	172.869
8.997732426	172.849
9.003537415	172.896
9.009342404	172.939
9.015147392	173.053
9.020952381	173.089
9.026757370	173.13
9.032562358	173.069
9.038367347	173.024
9.044172336	172.968
9.049977324	172.948
9.055782313	172.916
9.061587302	172.855
9.067392290	172.816
9.073197279	172.738
9.079002268	172.704
9.084807256	172.69
9.090612245	172.727
9.096417234	172.746
9.102222222	172.842
9.108027211	172.971
9.113832200	173.032
9.119637188	173.146
9.125442177	173.255
9.131247166	173.297
9.137052154	173.438
9.142857143	173.551
9.148662132	173.538
9.154467120	173.525
9.160272109	173.518
9.166077098	173.532
9.171882086	173.605
9.177687075	173.685
9.183492063	173.744
9.189297052	173.782
9.195102041	173.856
9.200907029	173.931
9.206712018	173.991
9.212517007	174.042
9.218321995	174.064
9.224126984	174.121
9.229931973	174.244
9.235736961	174.382
9.241541950	174.451
9.247346939	174.531
9.253151927	174.564
9.258956916	174.583
9.264761905	174.724
9.270566893	174.956
9.276371882	175.002
9.282176871	174.696
9.287981859	175.987
9.293786848	177.679
9.299591837	180.871
9.305396825	185.474
9.311201814	184.507
9.317006803	183.97
9.322811791	183.857
9.328616780	183.304
9.334421769	183.692
9.340226757	184.137
9.346031746	184.387
9.351836735	184.353
9.357641723	184.159
9.363446712	184.075
9.369251701	184.02
9.375056689	184.026
9.380861678	183.983
9.386666667	183.921
9.392471655	183.883
9.398276644	183.893
9.404081633	183.932
9.409886621	183.932
9.415691610	184.026
9.421496599	183.982
9.427301587	184.033
9.433106576	184.054
9.438911565	183.98
9.444716553	184.03
9.450521542	183.993
9.456326531	183.948
9.462131519	183.876
9.467936508	183.789
9.473741497	183.712
9.479546485	183.635
9.485351474	183.623
9.491156463	183.517
9.496961451	183.454
9.502766440	183.419
9.508571429	183.369
9.514376417	183.349
9.520181406	183.351
9.525986395	183.361
9.531791383	183.377
9.537596372	183.381
9.543401361	183.402
9.549206349	183.431
9.555011338	183.409
9.560816327	183.467
9.566621315	183.409
9.572426304	183.438
9.578231293	183.474
9.584036281	183.457
9.589841270	183.52
9.595646259	183.515
9.601451247	183.547
9.607256236	183.587
9.613061224	183.611
9.618866213	183.627
9.624671202	183.661
9.630476190	183.689
9.636281179	183.724
9.642086168	183.747
9.647891156	183.739
9.653696145	183.729
9.659501134	183.716
9.665306122	183.69
9.671111111	183.697
9.676916100	183.713
9.682721088	183.751
9.688526077	183.816
9.694331066	183.853
9.700136054	183.882
9.705941043	183.934
9.711746032	183.99
9.717551020	184.085
9.723356009	184.157
9.729160998	184.196
9.734965986	184.318
9.740770975	184.344
9.746575964	184.425
9.752380952	184.495
9.758185941	184.493
9.763990930	184.547
9.769795918	184.527
9.775600907	184.539
9.781405896	184.587
9.787210884	184.664
9.793015873	184.823
9.798820862	185.012
9.804625850	185.192
9.810430839	185.363
9.816235828	185.566
9.822040816	185.72
9.827845805	185.912
9.833650794	186.149
9.839455782	186.25
9.845260771	186.319
9.851065760	186.41
9.856870748	186.4
9.862675737	186.293
9.868480726	186.17
9.874285714	185.97
9.880090703	185.64
9.885895692	185.53
9.891700680	185.651
9.897505669	185.723
9.903310658	185.356
9.909115646	186.277
9.914920635	187.093
9.920725624	185.609
9.926530612	186.025
9.932335601	186.314
9.938140590	0
9.943945578	0
9.949750567	0
9.955555556	0
9.961360544	250.516
9.967165533	252.753
9.972970522	258.434
9.978775510	265.19
9.984580499	270.853
9.990385488	270.122
9.996190476	270.086
10.001995465	271.16
10.007800454	271.672
10.013605442	273.902
10.019410431	276.157
10.025215420	277.108
10.031020408	278.335
10.036825397	278.51
10.042630385	278.628
10.048435374	278.606
10.054240363	278.535
10.060045351	278.795
10.065850340	279.52
10.071655329	279.997
10.077460317	280.024
10.083265306	279.767
10.089070295	279.545
10.094875283	279.539
10.100680272	279.636
10.106485261	279.879
10.112290249	279.943
10.118095238	279.954
10.123900227	279.84
10.129705215	279.833
10.135510204	279.569
10.141315193	279.291
10.147120181	279.053
10.152925170	278.773
10.158730159	278.721
10.164535147	278.599
10.170340136	278.392
10.176145125	278.251
10.181950113	278.157
10.187755102	278.131
10.193560091	278.046
10.199365079	277.897
10.205170068	277.747
10.210975057	277.527
10.216780045	277.315
10.222585034	277.254
10.228390023	277.199
10.234195011	277.191
10.240000000	277.263
10.245804989	277.313
10.251609977	277.41
10.257414966	277.565
10.263219955	277.753
10.269024943	277.903
10.274829932	278.106
10.280634921	278.263
10.286439909	278.221
10.292244898	278.105
10.298049887	278.007
10.303854875	277.885
10.309659864	277.983
10.315464853	278.103
10.321269841	278.061
10.327074830	278.087
10.332879819	278.036
10.338684807	278.041
10.344489796	278.088
10.350294785	278.14
10.356099773	278.161
10.361904762	278.25
10.367709751	278.352
10.373514739	278.401
10.379319728	278.514
10.385124717	278.531
10.390929705	278.499
10.396734694	278.548
10.402539683	278.482
10.408344671	278.458
10.414149660	278.389
10.419954649	278.339
10.425759637	278.236
10.431564626	278.202
10.437369615	278.127
10.443174603	277.991
10.448979592	278.023
10.454784580	277.754
10.460589569	277.641
10.466394558	277.415
10.472199546	277.207
10.478004535	277.184
10.483809524	277.079
10.489614512	277.152
10.495419501	277.197
10.501224490	277.275
10.507029478	277.398
10.512834467	277.465
10.518639456	277.555
10.524444444	277.567
10.530249433	277.611
10.536054422	277.713
10.541859410	277.799
10.547664399	277.907
10.553469388	277.979
10.559274376	277.98
10.565079365	277.986
10.570884354	278.034
10.576689342	278.12
10.582494331	278.171
10.588299320	278.325
10.594104308	278.454
10.599909297	278.555
10.605714286	278.613
10.611519274	278.574
10.617324263	278.473
10.623129252	278.307
10.628934240	278.17
10.634739229	278.116
10.640544218	278.046
10.646349206	278.062
10.652154195	278.061
10.657959184	278.008
10.663764172	278.066
10.669569161	278.041
10.675374150	278.132
10.681179138	278.114
10.686984127	278.097
10.692789116	278.108
10.698594104	278.058
10.704399093	278.162
10.710204082	278.143
10.716009070	278.175
10.721814059	278.238
10.727619048	278.181
10.733424036	278.182
10.739229025	278.079
10.745034014	278.057
10.750839002	278.02
10.756643991	277.974
10.762448980	278.032
10.768253968	278.006
10.774058957	278.09
10.779863946	278.213
10.785668934	278.297
10.791473923	278.314
10.797278912	278.333
10.803083900	278.3
10.808888889	278.204
10.814693878	278.24
10.820498866	278.209
10.826303855	278.104
10.832108844	278.205
10.837913832	278.25
10.843718821	278.245
10.849523810	278.409
10.855328798	278.503
10.861133787	278.625
10.866938776	278.698
10.872743764	278.873
10.878548753	278.959
10.884353741	278.952
10.890158730	278.968
10.895963719	278.89
10.901768707	278.778
10.907573696	278.772
10.913378685	278.823
10.919183673	278.734
10.924988662	278.626
10.930793651	278.493
10.936598639	278.347
10.942403628	278.387
10.948208617	278.49
10.954013605	278.524
10.959818594	278.538
10.965623583	278.413
10.971428571	278.456
10.977233560	278.42
10.983038549	278.482
10.988843537	278.58
10.994648526	278.518
11.000453515	278.582
11.006258503	278.674
11.012063492	278.76
11.017868481	278.92
11.023673469	279.088
11.029478458	279.181
11.035283447	279.273
11.041088435	279.282
11.046893424	279.255
11.052698413	279.228
11.058503401	279.164
11.064308390	279.095
11.070113379	279.026
11.075918367	278.926
11.081723356	278.893
11.087528345	278.784
11.093333333	278.703
11.099138322	278.639
11.104943311	278.512
11.110748299	278.47
11.116553288	278.459
11.122358277	278.455
11.128163265	278.513
11.133968254	278.548
11.139773243	278.518
11.145578231	278.423
11.151383220	278.253
11.157188209	278.087
11.162993197	277.956
11.168798186	277.816
11.174603175	277.803
11.180408163	277.897
11.186213152	278.001
11.192018141	278.227
11.197823129	278.318
11.203628118	278.404
11.209433107	278.394
11.215238095	278.368
11.221043084	278.333
11.226848073	278.305
11.232653061	278.281
11.238458050	278.179
11.244263039	278.217
11.250068027	278.196
11.255873016	278.139
11.261678005	278.126
11.267482993	278.084
11.273287982	278.013
11.279092971	278
11.284897959	277.948
11.290702948	277.9
11.296507937	277.89
11.302312925	277.929
11.308117914	277.992
11.313922902	278.118
11.319727891	278.266
11.325532880	278.459
11.331337868	278.656
11.337142857	278.802
11.342947846	278.951
11.348752834	278.991
11.354557823	278.984
11.360362812	279.032
11.366167800	278.962
11.371972789	278.877
11.377777778	278.882
11.383582766	278.749
11.389387755	278.698
11.395192744	278.598
11.400997732	278.424
11.406802721	278.277
11.412607710	278.051
11.418412698	277.928
11.424217687	277.908
11.430022676	277.847
11.435827664	277.87
11.441632653	277.954
11.447437642	277.996
11.453242630	278.112
11.459047619	278.201
11.464852608	278.237
11.470657596	278.271
11.476462585	278.299
11.482267574	278.267
11.488072562	278.318
11.493877551	278.379
11.499682540	278.463
11.505487528	278.611
11.511292517	278.737
11.517097506	278.79
11.522902494	278.789
11.528707483	278.882
11.534512472	278.836
11.540317460	278.931
11.546122449	278.934
11.551927438	278.959
11.557732426	278.939
11.563537415	278.848
11.569342404	278.925
11.575147392	278.836
11.580952381	278.884
11.586757370	278.889
11.592562358	278.896
11.598367347	278.933
11.604172336	278.916
11.609977324	278.889
11.615782313	278.851
11.621587302	278.781
11.627392290	278.752
11.633197279	278.769
11.639002268	278.713
11.644807256	278.76
11.650612245	278.767
11.656417234	278.768
11.662222222	278.858
11.668027211	278.879
11.673832200	278.953
11.679637188	278.98
11.685442177	279.001
11.691247166	278.98
11.697052154	278.954
11.702857143	278.872
11.708662132	278.763
11.714467120	278.66
11.720272109	278.531
11.726077098	278.509
11.731882086	278.41
11.737687075	278.384
11.743492063	278.284
11.749297052	278.224
11.755102041	278.186
11.760907029	278.161
11.766712018	278.187
11.772517007	278.173
11.778321995	278.15
11.784126984	278.19
11.789931973	278.276
11.795736961	278.316
11.801541950	278.383
11.807346939	278.435
11.813151927	278.48
11.818956916	278.602
11.824761905	278.719
11.830566893	278.76
11.836371882	278.818
11.842176871	278.799
11.847981859	278.723
11.853786848	278.68
11.859591837	278.606
11.865396825	278.541
11.871201814	278.55
11.877006803	278.626
11.882811791	278.634
11.888616780	278.65
11.894421769	278.689
11.900226757	278.663
11.906031746	278.574
11.911836735	278.556
11.917641723	278.468
11.923446712	278.321
11.929251701	278.236
11.935056689	278.177
11.940861678	278.142
11.946666667	278.13
11.952471655	278.227
11.958276644	278.307
11.964081633	278.403
11.969886621	278.493
11.975691610	278.524
11.981496599	278.552
11.987301587	278.588
11.993106576	278.677
11.998911565	278.793
12.004716553	278.852
12.010521542	278.869
12.016326531	278.904
12.022131519	278.885
12.027936508	278.883
12.033741497	278.894
12.039546485	278.876
12.045351474	278.838
12.051156463	278.836
12.056961451	278.731
12.062766440	278.617
12.068571429	278.563
12.074376417	278.445
12.080181406	278.399
12.085986395	278.385
12.091791383	278.315
12.097596372	278.277
12.103401361	278.364
12.109206349	278.393
12.115011338	278.435
12.120816327	278.52
12.126621315	278.578
12.132426304	278.598
12.138231293	278.651
12.144036281	278.67
12.149841270	278.606
12.155646259	278.616
12.161451247	278.588
12.167256236	278.627
12.173061224	278.628
12.178866213	278.588
12.184671202	278.606
12.190476190	278.485
12.196281179	278.421
12.202086168	278.378
12.207891156	278.334
12.213696145	278.296
12.219501134	278.207
12.225306122	278.164
12.231111111	278.079
12.236916100	278.094
12.242721088	278.145
12.248526077	278.157
12.254331066	278.145
12.260136054	278.084
12.265941043	278.066
12.271746032	277.985
12.277551020	277.966
12.283356009	278.005
12.289160998	277.942
12.294965986	277.946
12.300770975	277.967
12.306575964	277.924
12.312380952	277.95
12.318185941	277.952
12.323990930	277.923
12.329795918	277.952
12.335600907	278.006
12.341405896	278.185
12.347210884	278.385
12.353015873	278.533
12.358820862	278.697
12.364625850	278.779
12.370430839	278.718
12.376235828	278.74
12.382040816	278.679
12.387845805	278.625
12.393650794	278.623
12.399455782	278.563
12.405260771	278.473
12.411065760	278.386
12.416870748	278.34
12.422675737	278.357
12.428480726	278.436
12.434285714	278.504
12.440090703	278.549
12.445895692	278.529
12.451700680	278.531
12.457505669	278.558
12.463310658	278.609
12.469115646	278.657
12.474920635	278.706
12.480725624	278.699
12.486530612	278.677
12.492335601	278.649
12.498140590	278.552
12.503945578	278.456
12.509750567	278.356
12.515555556	278.262
12.521360544	278.174
12.527165533	278.097
12.532970522	278.002
12.538775510	277.885
12.544580499	277.798
12.550385488	277.716
12.556190476	277.557
12.561995465	277.416
12.567800454	277.25
12.573605442	277.112
12.579410431	277.113
12.585215420	277.105
12.591020408	277.144
12.596825397	277.283
12.602630385	277.389
12.608435374	277.575
12.614240363	277.777
12.620045351	277.876
12.625850340	278.003
12.631655329	278.162
12.637460317	278.164
12.643265306	278.23
12.649070295	278.258
12.654875283	278.228
12.660680272	278.263
12.666485261	278.322
12.672290249	278.436
12.678095238	278.548
12.683900227	278.686
12.689705215	278.703
12.695510204	278.693
12.701315193	278.606
12.707120181	278.605
12.712925170	278.592
12.718730159	278.577
12.724535147	278.61
12.730340136	278.563
12.736145125	278.631
12.741950113	278.661
12.747755102	278.734
12.753560091	278.784
12.759365079	278.784
12.765170068	278.886
12.770975057	278.922
12.776780045	278.994
12.782585034	279.068
12.788390023	279.027
12.794195011	279.032
12.800000000	278.926
12.805804989	278.804
12.811609977	278.646
12.817414966	278.48
12.823219955	278.36
12.829024943	278.198
12.834829932	278.111
12.840634921	277.968
12.846439909	277.876
12.852244898	277.902
12.858049887	277.905
12.863854875	278.002
12.869659864	278.147
12.875464853	278.228
12.881269841	278.289
12.887074830	278.307
12.892879819	278.3
12.898684807	278.381
12.904489796	278.599
12.910294785	278.794
12.916099773	279.037
12.921904762	279.138
12.927709751	279.266
12.933514739	279.526
12.939319728	279.393
12.945124717	279.287
12.950929705	278.633
12.956734694	276.21
12.962539683	280.741
12.968344671	284.837
12.974149660	289.386
12.979954649	297.999
12.985759637	303.329
12.991564626	304.623
12.997369615	306.159
13.003174603	306.267
13.008979592	306.799
13.014784580	306.748
13.020589569	307.6
13.026394558	308.56
13.032199546	308.959
13.038004535	309.114
13.043809524	309.021
13.049614512	308.843
13.055419501	309.223
13.061224490	309.274
13.067029478	309.184
13.072834467	309.047
13.078639456	309.217
13.084444444	309.396
13.090249433	309.511
13.096054422	309.608
13.101859410	309.665
13.107664399	309.747
13.113469388	309.708
13.119274376	309.67
13.125079365	309.693
13.130884354	309.607
13.136689342	309.577
13.142494331	309.51
13.148299320	309.378
13.154104308	309.293
13.159909297	309.297
13.165714286	309.154
13.171519274	309.013
13.177324263	308.893
13.183129252	308.788
13.188934240	308.816
13.194739229	308.68
13.200544218	308.712
13.206349206	308.707
13.212154195	308.693
13.217959184	308.756
13.223764172	308.757
13.229569161	308.804
13.235374150	308.847
13.241179138	308.935
13.246984127	308.969
13.252789116	309.015
13.258594104	309.053
13.264399093	309.048
13.270204082	309.074
13.276009070	309.036
13.281814059	309.009
13.287619048	308.987
13.293424036	308.988
13.299229025	308.968
13.305034014	308.915
13.310839002	308.96
13.316643991	308.988
13.322448980	309.095
13.328253968	309.214
13.334058957	309.259
13.339863946	309.33
13.345668934	309.35
13.351473923	309.398
13.357278912	309.407
13.363083900	309.472
13.368888889	309.522
13.374693878	309.552
13.380498866	309.638
13.386303855	309.626
13.392108844	309.635
13.397913832	309.692
13.403718821	309.69
13.409523810	309.669
13.415328798	309.696
13.421133787	309.699
13.426938776	309.682
13.432743764	309.656
13.438548753	309.659
13.444353741	309.637
13.450158730	309.676
13.455963719	309.704
13.461768707	309.723
13.467573696	309.719
13.473378685	309.661
13.479183673	309.708
13.484988662	309.655
13.490793651	309.693
13.496598639	309.676
13.502403628	309.656
13.508208617	309.659
13.514013605	309.601
13.519818594	309.607
13.525623583	309.589
13.531428571	309.574
13.537233560	309.583
13.543038549	309.584
13.548843537	309.598
13.554648526	309.676
13.560453515	309.659
13.566258503	309.731
13.572063492	309.735
13.577868481	309.709
13.583673469	309.718
13.589478458	309.655
13.595283447	309.646
13.601088435	309.65
13.606893424	309.632
13.612698413	309.687
13.618503401	309.68
13.624308390	309.689
13.630113379	309.736
13.635918367	309.705
13.641723356	309.767
13.647528345	309.838
13.653333333	309.845
13.659138322	309.955
13.664943311	310.031
13.670748299	310.058
13.676553288	310.19
13.682358277	310.254
13.688163265	310.335
13.693968254	310.418
13.699773243	310.519
13.705578231	310.631
13.711383220	310.762
13.717188209	310.93
13.722993197	310.963
13.728798186	311.006
13.734603175	311.038
13.740408163	311.009
13.746213152	311.011
13.752018141	310.934
13.757823129	310.956
13.763628118	310.97
13.769433107	310.935
13.775238095	310.944
13.781043084	310.767
13.786848073	310.625
13.792653061	310.533
13.798458050	310.321
13.804263039	310.165
13.810068027	309.81
13.815873016	309.334
13.821678005	308.826
13.827482993	308.263
13.833287982	307.693
13.839092971	307.329
13.844897959	306.333
13.850702948	305.099
13.856507937	304.41
13.862312925	302.984
13.868117914	303.244
13.873922902	305.699
13.879727891	306.535
13.885532880	309.607
13.891337868	311.893
13.897142857	308.413
13.902947846	303.297
13.908752834	305.091
13.914557823	305.257
13.920362812	300.266
13.926167800	288.697
13.931972789	277.658
13.937777778	275.782
13.943582766	273.847
13.949387755	272.818
13.955192744	272.76
13.960997732	272.867
13.966802721	273.33
13.972607710	274.254
13.978412698	275.242
13.984217687	276.193
13.990022676	277.236
13.995827664	277.867
14.001632653	278.214
14.007437642	278.38
14.013242630	278.581
14.019047619	278.741
14.024852608	278.868
14.030657596	279.013
14.036462585	278.982
14.042267574	278.948
14.048072562	278.852
14.053877551	278.831
14.059682540	278.743
14.065487528	278.646
14.071292517	278.655
14.077097506	278.645
14.082902494	278.662
14.088707483	278.635
14.094512472	278.509
14.100317460	278.379
14.106122449	278.261
14.111927438	278.138
14.117732426	278.069
14.123537415	277.97
14.129342404	277.923
14.135147392	277.913
14.140952381	277.907
14.146757370	278.02
14.152562358	278.11
14.158367347	278.221
14.164172336	278.392
14.169977324	278.486
14.175782313	278.621
14.181587302	278.752
14.187392290	278.865
14.193197279	278.937
14.199002268	278.956
14.204807256	278.966
14.210612245	278.899
14.216417234	278.768
14.222222222	278.582
14.228027211	278.419
14.233832200	278.256
14.239637188	278.136
14.245442177	278.116
14.251247166	278.009
14.257052154	277.901
14.262857143	277.89
14.268662132	277.915
14.274467120	277.994
14.280272109	278.073
14.286077098	278.136
14.291882086	278.135
14.297687075	278.098
14.303492063	278.132
14.309297052	278.108
14.315102041	278.078
14.320907029	278.108
14.326712018	278.093
14.332517007	278.029
14.338321995	277.96
14.344126984	277.882
14.349931973	277.787
14.355736961	277.743
14.361541950	277.706
14.367346939	277.682
14.373151927	277.708
14.378956916	277.721
14.384761905	277.784
14.390566893	277.817
14.396371882	277.805
14.402176871	277.869
14.407981859	277.851
14.413786848	277.859
14.419591837	277.867
14.425396825	277.808
14.431201814	277.762
14.437006803	277.7
14.442811791	277.66
14.448616780	277.661
14.454421769	277.639
14.460226757	277.606
14.466031746	277.569
14.471836735	277.472
14.477641723	277.336
14.483446712	277.221
14.489251701	277.143
14.495056689	277.069
14.500861678	277.046
14.506666667	276.985
14.512471655	276.956
14.518276644	276.933
14.524081633	276.908
14.529886621	276.931
14.535691610	276.895
14.541496599	276.94
14.547301587	276.973
14.553106576	277.006
14.558911565	277.038
14.564716553	277.072
14.570521542	277.091
14.576326531	277.099
14.582131519	277.086
14.587936508	277.118
14.593741497	277.243
14.599546485	277.37
14.605351474	277.534
14.611156463	277.656
14.616961451	277.707
14.622766440	277.734
14.628571429	277.783
14.634376417	277.799
14.640181406	277.882
14.645986395	278.013
14.651791383	278.075
14.657596372	278.099
14.663401361	278.103
14.669206349	278.096
14.675011338	278.1
14.680816327	278.137
14.686621315	278.139
14.692426304	278.134
14.698231293	278.138
14.704036281	278.108
14.709841270	278.073
14.715646259	278.03
14.721451247	277.982
14.727256236	277.985
14.733061224	278.079
14.738866213	278.15
14.744671202	278.328
14.750476190	278.527
14.756281179	278.66
14.762086168	278.812
14.767891156	278.846
14.773696145	278.858
14.779501134	278.751
14.785306122	278.679
14.791111111	278.618
14.796916100	278.464
14.802721088	278.35
14.808526077	278.185
14.814331066	277.964
14.820136054	277.731
14.825941043	277.506
14.831746032	277.318
14.837551020	277.132
14.843356009	276.984
14.849160998	276.79
14.854965986	276.585
14.860770975	276.298
14.866575964	276.077
14.872380952	275.972
14.878185941	275.713
14.883990930	275.272
14.889795918	274.931
14.895600907	274.123
14.901405896	273.41
14.907210884	273.798
14.913015873	272.782
14.918820862	271.963
14.924625850	266.993
14.930430839	259.174
14.936235828	261.368
14.942040816	261.351
14.947845805	260.104
14.953650794	259.332
14.959455782	258.121
14.965260771	258.488
14.971065760	259.135
14.976870748	260.424
14.982675737	260.445
14.988480726	260.175
14.994285714	260.201
15.000090703	260.609
15.005895692	260.457
15.011700680	260.123
15.017505669	260.323
15.023310658	260.302
15.029115646	260.249
15.034920635	260.113
15.040725624	260.177
15.046530612	260.246
15.052335601	260.21
15.058140590	260.336
15.063945578	260.366
15.069750567	260.439
15.075555556	260.539
15.081360544	260.497
15.087165533	260.516
15.092970522	260.448
15.098775510	260.32
15.104580499	260.231
15.110385488	260.12
15.116190476	260.073
15.121995465	260.058
15.127800454	259.996
15.133605442	259.972
15.139410431	259.907
15.145215420	259.926
15.151020408	259.95
15.156825397	259.942
15.162630385	259.952
15.168435374	259.968
15.174240363	259.955
15.180045351	260.003
15.185850340	260.076
15.191655329	259.982
15.197460317	259.889
15.203265306	259.864
15.209070295	259.8
15.214875283	259.848
15.220680272	259.843
15.226485261	259.704
15.232290249	259.675
15.238095238	259.67
15.243900227	259.8
15.249705215	260.068
15.255510204	260.166
15.261315193	260.427
15.267120181	260.6
15.272925170	260.833
15.278730159	260.991
15.284535147	261.047
15.290340136	260.982
15.296145125	260.888
15.301950113	260.847
15.307755102	260.877
15.313560091	260.851
15.319365079	260.817
15.325170068	260.664
15.330975057	260.517
15.336780045	260.207
15.342585034	259.908
15.348390023	259.647
15.354195011	259.378
15.360000000	259.326
15.365804989	259.241
15.371609977	259.443
15.377414966	259.751
15.383219955	260.205
15.389024943	260.823
15.394829932	261.028
15.400634921	260.709
15.406439909	259.858
15.412244898	258.761
15.418049887	258.73
15.423854875	258.644
15.429659864	257.951
15.435464853	257.98
15.441269841	258.088
15.447074830	257.04
15.447074830	257.04
15.452879819	257.532
15.458684807	257.116
15.464489796	255.523
15.470294785	255.635
15.476099773	258.402
15.481904762	262.569
15.493514739	0
15.499319728	0
15.505124717	0
15.510929705	0
15.516734694	0
15.522539683	0
15.528344671	0
15.534149660	0
15.539954649	0
15.545759637	0
15.551564626	0
15.557369615	0
15.563174603	0
15.568979592	0
15.574784580	0
15.580589569	0
15.586394558	0
15.592199546	0
15.598004535	0
15.603809524	0
15.609614512	0
15.615419501	0
15.621224490	0
15.627029478	0
15.632834467	0
15.638639456	0
15.644444444	0
15.650249433	0
15.656054422	0
15.661859410	0
15.667664399	0
15.673469388	0
15.679274376	0
15.685079365	0
15.690884354	0
15.696689342	0
15.702494331	0
15.708299320	0
15.714104308	0
15.719909297	0
15.725714286	0
15.731519274	0
15.737324263	0
15.743129252	0
15.748934240	0
15.754739229	0
15.760544218	0
15.766349206	0
15.772154195	0
15.777959184	0
15.783764172	0
15.789569161	0
15.795374150	0
15.801179138	0
15.806984127	0
15.812789116	0
15.818594104	0
15.824399093	0
15.830204082	0
15.836009070	0
15.841814059	0
15.847619048	0
15.853424036	0
15.859229025	0
15.865034014	0
15.870839002	0
15.876643991	0
15.882448980	0
15.888253968	0
15.894058957	0
15.899863946	0
15.905668934	0
15.911473923	0
15.917278912	0
15.923083900	0
15.928888889	0
15.934693878	0
15.940498866	0
15.946303855	0
15.952108844	0
15.957913832	0
15.963718821	0
15.969523810	0
15.975328798	0
15.981133787	0
15.986938776	0
15.992743764	0
15.998548753	0