0.040634921	1794.39
0.046439909	1776.27
0.052244898	1773.27
0.058049887	1771.91
0.063854875	1771.11
0.069659864	1771.46
0.075464853	1771.84
0.081269841	1772.28
0.087074830	1772.75
0.092879819	1772.73
0.098684807	1772.48
0.104489796	1772.24
0.110294785	1771.77
0.116099773	1771.17
0.121904762	1770.53
0.127709751	1769.68
0.133514739	1769.44
0.139319728	1768.76
0.145124717	1767.16
0.150929705	1765.39
0.156734694	1763.53
0.162539683	1762.6
0.168344671	1762.57
0.174149660	1763.4
0.179954649	1764.52
0.185759637	1765.02
0.191564626	1765.38
0.197369615	1765.23
0.203174603	1764.76
0.208979592	1764.68
0.214784580	1764.78
0.220589569	1764.94
0.226394558	1765
0.232199546	1764.79
0.238004535	1765.3
0.243809524	1767.96
0.249614512	1768.26
0.255419501	1769.4
0.261224490	1768.84
0.267029478	1769.24
0.272834467	0
0.278639456	1859.79
0.284444444	1955.62
0.290249433	1969.06
0.296054422	1976.19
0.301859410	1980.86
0.307664399	1983.2
0.313469388	1985.5
0.319274376	1987.51
0.325079365	1988.79
0.330884354	1989.85
0.336689342	1990.56
0.342494331	1990.35
0.348299320	1989.92
0.354104308	1989.7
0.359909297	1989.63
0.365714286	1990.06
0.371519274	1989.86
0.377324263	1988.66
0.383129252	1985.98
0.388934240	1983.15
0.394739229	1981.4
0.400544218	1980.56
0.406349206	1980.42
0.412154195	1980.89
0.417959184	1980.95
0.423764172	1980.65
0.429569161	1980.92
0.435374150	1980.65
0.441179138	1980.71
0.446984127	1981.09
0.452789116	1981.36
0.458594104	1981.9
0.464399093	1982.46
0.470204082	1983.47
0.476009070	1984.68
0.481814059	1985.64
0.487619048	1986.44
0.493424036	1986.8
0.499229025	1986.97
0.505034014	1987.5
0.510839002	1987.87
0.516643991	1952.42
0.522448980	0
0.528253968	1772.48
0.534058957	1771.33
0.539863946	1771.34
0.545668934	1771.75
0.551473923	1772.12
0.557278912	1772.62
0.563083900	1772.75
0.568888889	1772.56
0.574693878	1772.32
0.580498866	1771.95
0.586303855	1771.42
0.592108844	1770.78
0.597913832	1769.92
0.603718821	1769.42
0.609523810	1768.99
0.615328798	1767.63
0.621133787	1765.85
0.626938776	1764.03
0.632743764	1762.8
0.638548753	1762.54
0.644353741	1763.17
0.650158730	1764.2
0.655963719	1764.64
0.661768707	1765.36
0.667573696	1766.45
0.673378685	1766.31
0.679183673	1765.08
0.684988662	1764.63
0.690793651	1765.48
0.696598639	1765.39
0.702403628	1765.75
0.708208617	0
0.714013605	0
0.719818594	0
0.725623583	0
0.731428571	0
0.737233560	1482.22
0.743038549	1468.62
0.748843537	1468.56
0.754648526	1468.59
0.760453515	1468.85
0.766258503	1469.31
0.772063492	1469.6
0.777868481	1470.31
0.783673469	1471.43
0.789478458	1473.1
0.795283447	1474.88
0.801088435	1476.73
0.806893424	1478.41
0.812698413	1479.75
0.818503401	1481.35
0.824308390	1482.9
0.830113379	1484.31
0.835918367	1485.88
0.841723356	1486.61
0.847528345	1486.87
0.853333333	1486.93
0.859138322	1486.75
0.864943311	1486.44
0.870748299	1486.04
0.876553288	1485.56
0.882358277	1484.88
0.888163265	1484.44
0.893968254	1484
0.899773243	1483.15
0.905578231	1481.76
0.911383220	1479.76
0.917188209	1478.02
0.922993197	1476.19
0.928798186	1474.85
0.934603175	1473.64
0.940408163	1472.71
0.946213152	1472.32
0.952018141	1471.99
0.957823129	1472.25
0.963628118	1472.75
0.969433107	1473.72
0.975238095	1475.14
0.981043084	1476.8
0.986848073	1478.61
0.992653061	1480.47
0.998458050	1482.17
1.004263039	1483.97
1.010068027	1485.59
1.015873016	1486.73
1.021678005	1487.78
1.027482993	1488
1.033287982	1487.6
1.039092971	1487
1.044897959	1486.26
1.050702948	1485.64
1.056507937	1485.41
1.062312925	1485.18
1.068117914	1484.91
1.073922902	1484.79
1.079727891	1484.08
1.085532880	1483.1
1.091337868	1481.5
1.097142857	1479.72
1.102947846	1478.5
1.108752834	1477.37
1.114557823	1476.54
1.120362812	1476.01
1.126167800	1475.61
1.131972789	1475.6
1.137777778	1475.9
1.143582766	1476.55
1.149387755	1477.53
1.155192744	1478.67
1.160997732	1480.03
1.166802721	1481.32
1.172607710	1482.61
1.178412698	1483.57
1.184217687	1484.36
1.190022676	1485.59
1.195827664	1487.26
1.201632653	1488.71
1.207437642	1488.98
1.213242630	1488.06
1.219047619	1489.99
1.224852608	0
1.230657596	0
1.236462585	1347.6
1.242267574	1318.7
1.248072562	1323.83
1.253877551	1329.32
1.259682540	1328.65
1.265487528	1328.48
1.271292517	1328.27
1.277097506	1327.08
1.282902494	1327.03
1.288707483	1327.34
1.294512472	1327.19
1.300317460	1326.71
1.306122449	1326.47
1.311927438	1326.92
1.317732426	1327.23
1.323537415	1327.24
1.329342404	1325.95
1.335147392	1324.9
1.340952381	1323.63
1.346757370	1322.2
1.352562358	1321.74
1.358367347	1320.93
1.364172336	1320.43
1.369977324	1320.51
1.375782313	1320.5
1.381587302	1320.67
1.387392290	1320.81
1.393197279	1320.8
1.399002268	1321.53
1.404807256	1321.94
1.410612245	1322.29
1.416417234	1323.07
1.422222222	1323.45
1.428027211	1324.12
1.433832200	1325.05
1.439637188	1325.59
1.445442177	1326.17
1.451247166	1326.46
1.457052154	1326.46
1.462857143	1326.52
1.468662132	1326.09
1.474467120	1325.7
1.480272109	1326.09
1.486077098	1327.21
1.491882086	1360.05
1.497687075	1448.05
1.503492063	1467.59
1.509297052	1468.43
1.515102041	1468.98
1.520907029	1469.34
1.526712018	1469.57
1.532517007	1470.3
1.538321995	1471.43
1.544126984	1473.08
1.549931973	1474.87
1.555736961	1476.71
1.561541950	1478.41
1.567346939	1479.75
1.573151927	1481.33
1.578956916	1482.9
1.584761905	1484.25
1.590566893	1485.89
1.596371882	1486.62
1.602176871	1486.82
1.607981859	1486.96
1.613786848	1486.74
1.619591837	1486.44
1.625396825	1486.09
1.631201814	1485.54
1.637006803	1484.89
1.642811791	1484.49
1.648616780	1484.36
1.654421769	1484.24
1.660226757	1484.16
1.666031746	1484
1.671836735	1482.05
1.677641723	1479.58
1.683446712	1477.11
1.689251701	1476.33
1.695056689	1474.49
1.700861678	0
1.706666667	0
1.712471655	0
1.718276644	0
1.724081633	1313.03
1.729886621	1332.16
1.735691610	1318.61
1.741496599	1328.39
1.747301587	1329.26
1.753106576	1327.81
1.758911565	1328.82
1.764716553	1327.47
1.770521542	1327.09
1.776326531	1327.22
1.782131519	1327.35
1.787936508	1326.73
1.793741497	1326.6
1.799546485	1326.67
1.805351474	1327.05
1.811156463	1327.37
1.816961451	1326.43
1.822766440	1325.63
1.828571429	1324.11
1.834376417	1323.03
1.840181406	1322.17
1.845986395	1321.18
1.851791383	1321.03
1.857596372	1320.4
1.863401361	1320.4
1.869206349	1320.66
1.875011338	1320.56
1.880816327	1320.82
1.886621315	1321.08
1.892426304	1321.14
1.898231293	1321.54
1.904036281	1321.96
1.909841270	1323.74
1.915646259	1322.91
1.921451247	1324.28
1.927256236	1325.54
1.933061224	1325.5
1.938866213	0
1.944671202	0
1.950476190	0
1.956281179	0
1.962086168	0
1.967891156	1184.18
1.973696145	1190.36
1.979501134	1183.58
1.985306122	1180.15
1.991111111	1179.89
1.996916100	1179.62
2.002721088	1179.54
2.008526077	1179.93
2.014331066	1179.89
2.020136054	1179.56
2.025941043	1179.11
2.031746032	1178.94
2.037551020	1178.9
2.043356009	1178.44
2.049160998	1177.18
2.054965986	1175.51
2.060770975	1173.88
2.066575964	1172.74
2.072380952	1172.7
2.078185941	1172.91
2.083990930	1172.4
2.089795918	1172.51
2.095600907	1171.44
2.101405896	1171.98
2.107210884	1172.06
2.113015873	1171.21
2.118820862	0
2.124625850	0
2.130430839	0
2.136235828	0
2.142040816	0
2.147845805	0
2.153650794	0
2.159455782	0
2.165260771	0
2.171065760	0
2.176870748	0
2.182675737	0
2.188480726	0
2.194285714	0
2.200090703	0
2.205895692	0
2.211700680	1182.71
2.217505669	1191.17
2.223310658	1185.82
2.229115646	1180.66
2.234920635	1179.77
2.240725624	1179.54
2.246530612	1179.36
2.252335601	1179.84
2.258140590	1179.97
2.263945578	1179.69
2.269750567	1179.24
2.275555556	1178.98
2.281360544	1178.91
2.287165533	1178.72
2.292970522	1177.57
2.298775510	1175.94
2.304580499	1174.32
2.310385488	1172.83
2.316190476	1172.29
2.321995465	1171.93
2.327800454	1171.52
2.333605442	1171.2
2.339410431	1171.01
2.345215420	1171.04
2.351020408	1171.21
2.356825397	1171.5
2.362630385	1172.09
2.368435374	1172.88
2.374240363	1173.78
2.380045351	1175.48
2.385850340	1176.98
2.391655329	1178.71
2.397460317	1180.51
2.403265306	1181.52
2.409070295	1182.25
2.414875283	1182.43
2.420680272	1182.51
2.426485261	1182.17
2.432290249	1182.58
2.438095238	1182.76
2.443900227	1182.61
2.449705215	1183.22
2.455510204	1183.14
2.461315193	1182.99
2.467120181	1183.17
2.472925170	1182.96
2.478730159	1182.55
2.484535147	1182.37
2.490340136	1181.09
2.496145125	1178.79
2.501950113	1176.92
2.507755102	1175.07
2.513560091	1173.52
2.519365079	1172.99
2.525170068	1172.58
2.530975057	1172.08
2.536780045	1172.1
2.542585034	1172.47
2.548390023	1173.01
2.554195011	1174.07
2.560000000	1175.58
2.565804989	1176.99
2.571609977	1178.3
2.577414966	1179.26
2.583219955	1180.08
2.589024943	1180.78
2.594829932	1181.07
2.600634921	1181.2
2.606439909	1181.05
2.612244898	1180.88
2.618049887	1180.76
2.623854875	1180.85
2.629659864	1180.72
2.635464853	1180.73
2.641269841	1180.46
2.647074830	1179.47
2.652879819	1177.85
2.658684807	1175.62
2.664489796	1173.52
2.670294785	1171.38
2.676099773	1170.23
2.681904762	1169.31
2.687709751	1168.19
2.693514739	1167.9
2.699319728	1167.8
2.705124717	1167.66
2.710929705	1168.28
2.716734694	1168.95
2.722539683	1169.19
2.728344671	1170.63
2.734149660	1172.8
2.739954649	1174.52
2.745759637	1176.84
2.751564626	1176.87
2.757369615	1172.6
2.763174603	1173.84
2.768979592	1186.75
2.774784580	1190.03
2.780589569	1184.38
2.786394558	1180.23
2.792199546	1179.9
2.798004535	1179.63
2.803809524	1179.43
2.809614512	1179.95
2.815419501	1179.87
2.821224490	1179.59
2.827029478	1179.14
2.832834467	1178.92
2.838639456	1178.94
2.844444444	1178.75
2.850249433	1178.56
2.856054422	1178.17
2.861859410	1176.78
2.867664399	1173.35
2.873469388	1173.45
2.879274376	1173.23
2.885079365	1172.48
2.890884354	1172.7
2.896689342	0
2.902494331	0
2.908299320	0
2.914104308	0
2.919909297	0
2.925714286	0
2.931519274	0
2.937324263	0
2.943129252	0
2.948934240	0
2.954739229	0
2.960544218	0
2.966349206	0
2.972154195	0
2.977959184	0
2.983764172	0
2.989569161	0
2.995374150	0
3.001179138	0
3.006984127	0
3.012789116	0
3.018594104	0
3.024399093	0
3.030204082	0
3.036009070	1182.42
3.041814059	1189.54
3.047619048	1182.57
3.053424036	1179.95
3.059229025	1179.98
3.065034014	1179.54
3.070839002	1179.66
3.076643991	1180.01
3.082448980	1179.8
3.088253968	1179.53
3.094058957	1179.08
3.099863946	1178.9
3.105668934	1178.88
3.111473923	1178.2
3.117278912	1176.83
3.123083900	1175.27
3.128888889	1173.56
3.134693878	1172.52
3.140498866	1172.19
3.146303855	1171.73
3.152108844	1171.4
3.157913832	1171.09
3.163718821	1171.02
3.169523810	1171.07
3.175328798	1171.32
3.181133787	1171.71
3.186938776	1172.44
3.192743764	1173.23
3.198548753	1174.5
3.204353741	1176.13
3.210158730	1177.62
3.215963719	1179.29
3.221768707	1180.24
3.227573696	1180.94
3.233378685	1182.38
3.239183673	1184.46
3.244988662	1183.91
3.250793651	0
3.256598639	0
3.262403628	0
3.268208617	0
3.274013605	986.649
3.279818594	989.103
3.285623583	990.837
3.291428571	991.694
3.297233560	991.281
3.303038549	991.295
3.308843537	991.311
3.314648526	991.269
3.320453515	991.528
3.326258503	991.553
3.332063492	991.591
3.337868481	991.708
3.343673469	991.706
3.349478458	992.16
3.355283447	992.478
3.361088435	992.628
3.366893424	992.944
3.372698413	992.886
3.378503401	992.982
3.384308390	992.795
3.390113379	992.577
3.395918367	991.754
3.401723356	990.349
3.407528345	988.962
3.413333333	987.787
3.419138322	987.202
3.424943311	986.967
3.430748299	987.054
3.436553288	986.922
3.442358277	986.721
3.448163265	986.632
3.453968254	985.958
3.459773243	986.91
3.465578231	986.017
3.471383220	987.967
3.477188209	0
3.482993197	0
3.488798186	0
3.494603175	893.124
3.500408163	869.823
3.506213152	872.258
3.512018141	873.389
3.517823129	874.537
3.523628118	875.416
3.529433107	875.472
3.535238095	875.394
3.541043084	875.061
3.546848073	874.924
3.552653061	875.227
3.558458050	875.59
3.564263039	875.793
3.570068027	875.894
3.575873016	875.705
3.581678005	875.396
3.587482993	875.15
3.593287982	874.803
3.599092971	874.707
3.604897959	874.946
3.610702948	875.066
3.616507937	875.461
3.622312925	874.974
3.628117914	873.323
3.633922902	871.36
3.639727891	871.114
3.645532880	871.451
3.651337868	873.901
3.657142857	0
3.662947846	0
3.668752834	0
3.674557823	0
3.680362812	0
3.686167800	0
3.691972789	0
3.697777778	0
3.703582766	0
3.709387755	0
3.715192744	0
3.720997732	0
3.726802721	0
3.732607710	0
3.738412698	0
3.744217687	0
3.750022676	878.162
3.755827664	870.305
3.761632653	872.833
3.767437642	873.856
3.773242630	874.841
3.779047619	875.575
3.784852608	875.47
3.790657596	875.335
3.796462585	875
3.802267574	874.958
3.808072562	875.372
3.813877551	875.63
3.819682540	875.812
3.825487528	875.863
3.831292517	875.597
3.837097506	875.283
3.842902494	874.772
3.848707483	874.342
3.854512472	874.101
3.860317460	873.866
3.866122449	873.313
3.871927438	872.471
3.877732426	871.703
3.883537415	871.024
3.889342404	870.896
3.895147392	871.145
3.900952381	871.258
3.906757370	871.352
3.912562358	871.386
3.918367347	871.384
3.924172336	871.458
3.929977324	871.698
3.935782313	871.956
3.941587302	871.994
3.947392290	872.565
3.953197279	874.332
3.959002268	887.245
3.964807256	0
3.970612245	0
3.976417234	0
3.982222222	0
3.988027211	966.625
3.993832200	986.248
3.999637188	989.149
4.005442177	990.862
4.011247166	991.732
4.017052154	991.33
4.022857143	991.22
4.028662132	991.322
4.034467120	991.335
4.040272109	991.451
4.046077098	991.602
4.051882086	991.566
4.057687075	991.632
4.063492063	991.698
4.069297052	992.103
4.075102041	992.422
4.080907029	992.632
4.086712018	993.041
4.092517007	993.071
4.098321995	993.193
4.104126984	993.615
4.109931973	993.631
4.115736961	993.66
4.121541950	992.643
4.127346939	993.285
4.133151927	990.334
4.138956916	989.275
4.144761905	987.87
4.150566893	990.803
4.156371882	0
4.162176871	0
4.167981859	0
4.173786848	0
4.179591837	0
4.185396825	0
4.191201814	0
4.197006803	0
4.202811791	0
4.208616780	0
4.214421769	0
4.220226757	0
4.226031746	0
4.231836735	0
4.237641723	0
4.243446712	1185.53
4.249251701	1191.26
4.255056689	1184.64
4.260861678	1180.36
4.266666667	1179.82
4.272471655	1179.6
4.278276644	1179.41
4.284081633	1179.93
4.289886621	1179.89
4.295691610	1179.67
4.301496599	1179.21
4.307301587	1178.96
4.313106576	1178.94
4.318911565	1178.63
4.324716553	1177.46
4.330521542	1175.79
4.336326531	1174.17
4.342131519	1172.73
4.347936508	1172.49
4.353741497	1172.49
4.359546485	1172.21
4.365351474	1172.05
4.371156463	1171.5
4.376961451	1172.14
4.382766440	1171.31
4.388571429	1171.84
4.394376417	1171.78
4.400181406	0
4.405986395	0
4.411791383	0
4.417596372	0
4.423401361	0
4.429206349	0
4.435011338	0
4.440816327	0
4.446621315	0
4.452426304	0
4.458231293	0
4.464036281	0
4.469841270	0
4.475646259	0
4.481451247	0
4.487256236	0
4.493061224	0
4.498866213	0
4.504671202	0
4.510476190	1328.23
4.516281179	1329.07
4.522086168	1318.96
4.527891156	1328.78
4.533696145	1329.21
4.539501134	1327.96
4.545306122	1328.82
4.551111111	1327.35
4.556916100	1327.05
4.562721088	1327.19
4.568526077	1327.34
4.574331066	1326.73
4.580136054	1326.62
4.585941043	1326.71
4.591746032	1327.13
4.597551020	1327.37
4.603356009	1326.31
4.609160998	1325.59
4.614965986	1323.98
4.620770975	1322.91
4.626575964	1322.18
4.632380952	1321.04
4.638185941	1320.91
4.643990930	1320.35
4.649795918	1320.34
4.655600907	1320.67
4.661405896	1320.59
4.667210884	1320.82
4.673015873	1321.36
4.678820862	1321.65
4.684625850	1321.97
4.690430839	1322.77
4.696235828	1323.24
4.702040816	1323.79
4.707845805	1324.58
4.713650794	1324.67
4.719455782	1325.17
4.725260771	1326.8
4.731065760	1320.58
4.736870748	0
4.742675737	0
4.748480726	0
4.754285714	1475.61
4.760090703	1468.69
4.765895692	1468.62
4.771700680	1468.58
4.777505669	1468.89
4.783310658	1469.26
4.789115646	1469.73
4.794920635	1470.51
4.800725624	1471.82
4.806530612	1473.51
4.812335601	1475.35
4.818140590	1477.15
4.823945578	1478.75
4.829750567	1480.2
4.835555556	1481.68
4.841360544	1483.28
4.847165533	1484.69
4.852970522	1486.03
4.858775510	1486.73
4.864580499	1487.01
4.870385488	1486.9
4.876190476	1486.71
4.881995465	1486.63
4.887800454	1486.48
4.893605442	1486.7
4.899410431	1486.04
4.905215420	1485.11
4.911020408	1485.16
4.916825397	1484.65
4.922630385	1484.95
4.928435374	1483.02
4.934240363	0
4.940045351	0
4.945850340	0
4.951655329	0
4.957460317	0
4.963265306	0
4.969070295	0
4.974875283	0
4.980680272	1316.55
4.986485261	1329.87
4.992290249	1318.8
4.998095238	1328.67
5.003900227	1329.32
5.009705215	1327.86
5.015510204	1328.83
5.021315193	1327.34
5.027120181	1327.04
5.032925170	1327.22
5.038730159	1327.35
5.044535147	1326.76
5.050340136	1326.6
5.056145125	1326.7
5.061950113	1327.11
5.067755102	1327.4
5.073560091	1326.33
5.079365079	1325.6
5.085170068	1323.98
5.090975057	1322.96
5.096780045	1322.17
5.102585034	1321.12
5.108390023	1321
5.114195011	1320.27
5.120000000	1320.35
5.125804989	1320.78
5.131609977	1320.97
5.137414966	1321.21
5.143219955	1320.85
5.149024943	1321.18
5.154829932	1322.04
5.160634921	0
5.166439909	0
5.172244898	0
5.178049887	0
5.183854875	0
5.189659864	0
5.195464853	0
5.201269841	0
5.207074830	0
5.212879819	0
5.218684807	0
5.224489796	0
5.230294785	0
5.236099773	0
5.241904762	0
5.247709751	1345.07
5.253514739	1317.97
5.259319728	1324.34
5.265124717	1329.24
5.270929705	1328.63
5.276734694	1328.7
5.282539683	1328.21
5.288344671	1327.1
5.294149660	1327.06
5.299954649	1327.27
5.305759637	1327.12
5.311564626	1326.69
5.317369615	1326.45
5.323174603	1326.93
5.328979592	1327.25
5.334784580	1327.19
5.340589569	1325.89
5.346394558	1324.81
5.352199546	1323.58
5.358004535	1322.16
5.363809524	1321.69
5.369614512	1320.93
5.375419501	1320.41
5.381224490	1320.56
5.387029478	1320.55
5.392834467	1320.62
5.398639456	1320.82
5.404444444	1320.79
5.410249433	1321.52
5.416054422	1322.03
5.421859410	1322.31
5.427664399	1323.12
5.433469388	1323.49
5.439274376	1324.18
5.445079365	1325.06
5.450884354	1325.6
5.456689342	1326.22
5.462494331	1326.47
5.468299320	1326.46
5.474104308	1326.46
5.479909297	1326.17
5.485714286	1326.05
5.491519274	1326.02
5.497324263	1326.05
5.503129252	1325.89
5.508934240	1325.85
5.514739229	1325.72
5.520544218	1325
5.526349206	1323.76
5.532154195	1322.72
5.537959184	1321.36
5.543764172	1320.33
5.549569161	1319.72
5.555374150	1319.07
5.561179138	1318.61
5.566984127	1318.47
5.572789116	1318.76
5.578594104	1318.93
5.584399093	1319.4
5.590204082	1319.83
5.596009070	1320.59
5.601814059	1321.67
5.607619048	1322.48
5.613424036	1323.52
5.619229025	1324.03
5.625034014	1324.38
5.630839002	1324.73
5.636643991	1324.68
5.642448980	1324.59
5.648253968	1324.16
5.654058957	1324.08
5.659863946	1323.81
5.665668934	1323.73
5.671473923	1323.77
5.677278912	1323.6
5.683083900	1323.53
5.688888889	1323.64
5.694693878	1323.68
5.700498866	1323.71
5.706303855	1323.17
5.712108844	1321.78
5.717913832	1320.46
5.723718821	1319.21
5.729523810	1318.17
5.735328798	1317.52
5.741133787	1317.29
5.746938776	1316.82
5.752743764	1316.61
5.758548753	1317.06
5.764353741	1317.58
5.770158730	1318.48
5.775963719	1319.16
5.781768707	1320.23
5.787573696	1320.88
5.793378685	1321.27
5.799183673	1322.03
5.804988662	1322.27
5.810793651	1322.59
5.816598639	1322.84
5.822403628	1322.88
5.828208617	1323.3
5.834013605	1323.43
5.839818594	1322.84
5.845623583	1323.04
5.851428571	1323.08
5.857233560	1322.67
5.863038549	0
5.868843537	0
5.874648526	0
5.880453515	0
5.886258503	0
5.892063492	0
5.897868481	0
5.903673469	0
5.909478458	0
5.915283447	0
5.921088435	0
5.926893424	0
5.932698413	0
5.938503401	0
5.944308390	0
5.950113379	0
5.955918367	0
5.961723356	0
5.967528345	0
5.973333333	0
5.979138322	0
5.984943311	0
5.990748299	0
5.996553288	0
6.002358277	0
6.008163265	0
6.013968254	0
6.019773243	0
6.025578231	0
6.031383220	0
6.037188209	0
6.042993197	1781.02
6.048798186	1776.37
6.054603175	1772.38
6.060408163	1771.52
6.066213152	1771.19
6.072018141	1771.58
6.077823129	1772.01
6.083628118	1772.48
6.089433107	1772.8
6.095238095	1772.63
6.101043084	1772.4
6.106848073	1772.08
6.112653061	1771.51
6.118458050	1770.95
6.124263039	1770.13
6.130068027	1769.49
6.135873016	1769.31
6.141678005	1768.16
6.147482993	1766.46
6.153287982	1764.6
6.159092971	1763.03
6.164897959	1762.55
6.170702948	1762.9
6.176507937	1763.87
6.182312925	1764.74
6.188117914	1765.12
6.193922902	1765.42
6.199727891	1765.1
6.205532880	1764.7
6.211337868	1764.7
6.217142857	1764.79
6.222947846	1764.94
6.228752834	1764.99
6.234557823	1764.98
6.240362812	1767.11
6.246167800	1767.98
6.251972789	1768.79
6.257777778	1769.24
6.263582766	1769.33
6.269387755	1755.26
6.275192744	0
6.280997732	1936.91
6.286802721	1960.73
6.292607710	1973.08
6.298412698	1978.36
6.304217687	1981.64
6.310022676	1984.13
6.315827664	1986.45
6.321632653	1988.17
6.327437642	1989.44
6.333242630	1990.09
6.339047619	1990.19
6.344852608	1990.08
6.350657596	1989.73
6.356462585	1989.74
6.362267574	1989.99
6.368072562	1990.11
6.373877551	1989.58
6.379682540	1987.54
6.385487528	1984.76
6.391292517	1982.37
6.397097506	1980.83
6.402902494	1980.66
6.408707483	1980.64
6.414512472	1980.88
6.420317460	1980.82
6.426122449	1980.68
6.431927438	1980.88
6.437732426	1980.68
6.443537415	1980.92
6.449342404	1981.22
6.455147392	1981.49
6.460952381	1982.13
6.466757370	1982.93
6.472562358	1984.01
6.478367347	1985.03
6.484172336	1985.96
6.489977324	1986.49
6.495782313	1986.81
6.501587302	1987.27
6.507392290	1987.76
6.513197279	0
6.519002268	1855.56
6.524807256	1774.87
6.530612245	1772.08
6.536417234	1771.3
6.542222222	1771.54
6.548027211	1771.84
6.553832200	1772.3
6.559637188	1772.69
6.565442177	1772.65
6.571247166	1772.48
6.577052154	1772.19
6.582857143	1771.72
6.588662132	1771.14
6.594467120	1770.45
6.600272109	1769.62
6.606077098	1769.37
6.611882086	1768.52
6.617687075	1766.89
6.623492063	1765.12
6.629297052	1763.42
6.635102041	1762.64
6.640907029	1762.7
6.646712018	1763.51
6.652517007	1764.41
6.658321995	1764.79
6.664126984	1765.83
6.669931973	1766.98
6.675736961	1766.26
6.681541950	1764.8
6.687346939	1765.39
6.693151927	1764.82
6.698956916	1765.86
6.704761905	1764.48
6.710566893	1668.88
6.716371882	1690.7
6.722176871	1686.06
6.727981859	1650.54
6.733786848	1548.76
6.739591837	1472.13
6.745396825	1468.57
6.751201814	1468.73
6.757006803	1468.56
6.762811791	1468.97
6.768616780	1469.36
6.774421769	1469.82
6.780226757	1470.75
6.786031746	1472.16
6.791836735	1473.73
6.797641723	1475.57
6.803446712	1477.42
6.809251701	1479.01
6.815056689	1480.48
6.820861678	1482.03
6.826666667	1483.46
6.832471655	1484.9
6.838276644	1486.26
6.844081633	1486.78
6.849886621	1486.92
6.855691610	1486.89
6.861496599	1486.61
6.867301587	1486.24
6.873106576	1485.92
6.878911565	1485.32
6.884716553	1484.71
6.890521542	1484.37
6.896326531	1483.77
6.902131519	1482.74
6.907936508	1480.94
6.913741497	1479.09
6.919546485	1477.23
6.925351474	1475.53
6.931156463	1474.38
6.936961451	1473.14
6.942766440	1472.51
6.948571429	1472.28
6.954376417	1472.03
6.960181406	1472.41
6.965986395	1473.01
6.971791383	1474.13
6.977596372	1475.74
6.983401361	1477.52
6.989206349	1479.42
6.995011338	1481.17
7.000816327	1482.91
7.006621315	1484.7
7.012426304	1486.11
7.018231293	1487.23
7.024036281	1487.93
7.029841270	1487.89
7.035646259	1487.44
7.041451247	1486.71
7.047256236	1486.04
7.053061224	1485.42
7.058866213	1485.26
7.064671202	1485.07
7.070476190	1484.85
7.076281179	1484.69
7.082086168	1483.79
7.087891156	1482.5
7.093696145	1480.76
7.099501134	1479.12
7.105306122	1478.03
7.111111111	1476.96
7.116916100	1476.35
7.122721088	1475.85
7.128526077	1475.53
7.134331066	1475.74
7.140136054	1476.09
7.145941043	1476.9
7.151746032	1477.98
7.157551020	1479.17
7.163356009	1480.53
7.169160998	1481.87
7.174965986	1483.03
7.180770975	1483.95
7.186575964	1484.89
7.192380952	1486.17
7.198185941	1487.85
7.203990930	1488.68
7.209795918	1489.51
7.215600907	1489
7.221405896	1462.13
7.227210884	0
7.233015873	0
7.238820862	1332.67
7.244625850	1317.48
7.250430839	1327.8
7.256235828	1329.33
7.262040816	1328.04
7.267845805	1328.94
7.273650794	1327.6
7.279455782	1327.01
7.285260771	1327.24
7.291065760	1327.35
7.296870748	1326.76
7.302675737	1326.71
7.308480726	1326.52
7.314285714	1326.99
7.320090703	1327.38
7.325895692	1326.5
7.331700680	1325.65
7.337505669	1324.14
7.343310658	1323.15
7.349115646	1322.18
7.354920635	1321.3
7.360725624	1321.16
7.366530612	1320.41
7.372335601	1320.44
7.378140590	1320.69
7.383945578	1320.59
7.389750567	1320.84
7.395555556	1321.18
7.401360544	1321.52
7.407165533	1321.99
7.412970522	1322.57
7.418775510	1323.13
7.424580499	1323.78
7.430385488	1324.56
7.436190476	1325.26
7.441995465	1325.7
7.447800454	1326.13
7.453605442	1326.53
7.459410431	1326.55
7.465215420	1326.42
7.471020408	1326.63
7.476825397	1325.48
7.482630385	1325.77
7.488435374	1331.23
7.494240363	1396.94
7.500045351	1461.76
7.505850340	1468.16
7.511655329	1468.35
7.517460317	1468.86
7.523265306	1469.39
7.529070295	1469.86
7.534875283	1470.74
7.540680272	1472.17
7.546485261	1473.73
7.552290249	1475.55
7.558095238	1477.41
7.563900227	1479
7.569705215	1480.48
7.575510204	1482.01
7.581315193	1483.44
7.587120181	1484.86
7.592925170	1486.25
7.598730159	1486.79
7.604535147	1486.92
7.610340136	1486.9
7.616145125	1486.61
7.621950113	1486.24
7.627755102	1485.93
7.633560091	1485.32
7.639365079	1484.71
7.645170068	1484.47
7.650975057	1484.32
7.656780045	1484.16
7.662585034	1483.94
7.668390023	1482.96
7.674195011	1481.22
7.680000000	1478.22
7.685804989	1476.54
7.691609977	1474.96
7.697414966	1473.93
7.703219955	1474.32
7.709024943	1478.68
7.714829932	0
7.720634921	0
7.726439909	1349.08
7.732244898	1321.19
7.738049887	1322.4
7.743854875	1329.38
7.749659864	1328.77
7.755464853	1328.29
7.761269841	1328.48
7.767074830	1327.08
7.772879819	1327.06
7.778684807	1327.3
7.784489796	1327.25
7.790294785	1326.72
7.796099773	1326.59
7.801904762	1326.86
7.807709751	1327.21
7.813514739	1327.3
7.819319728	1325.94
7.825124717	1325.13
7.830929705	1323.82
7.836734694	1322.32
7.842539683	1321.96
7.848344671	1320.95
7.854149660	1320.45
7.859954649	1320.53
7.865759637	1320.36
7.871564626	1320.6
7.877369615	1320.71
7.883174603	1320.77
7.888979592	1321.24
7.894784580	1321.53
7.900589569	1321.85
7.906394558	1323.83
7.912199546	1322.79
7.918004535	1323.12
7.923809524	1325.35
7.929614512	1325.12
7.935419501	1325.09
7.941224490	0
7.947029478	0
7.952834467	0
7.958639456	0
7.964444444	1195.64
7.970249433	1185.99
7.976054422	1187.71
7.981859410	1181.61
7.987664399	1179.96
7.993469388	1179.89
7.999274376	1179.45
8.005079365	1179.82
8.010884354	1179.95
8.016689342	1179.72
8.022494331	1179.39
8.028299320	1178.99
8.034104308	1178.93
8.039909297	1178.81
8.045714286	1177.94
8.051519274	1176.4
8.057324263	1174.81
8.063129252	1173.32
8.068934240	1172.75
8.074739229	1172.87
8.080544218	1172.87
8.086349206	1172.96
8.092154195	1171.4
8.097959184	1171.79
8.103764172	1171.83
8.109569161	1171.04
8.115374150	1172.27
8.121179138	0
8.126984127	0
8.132789116	0
8.138594104	0
8.144399093	0
8.150204082	0
8.156009070	0
8.161814059	0
8.167619048	0
8.173424036	0
8.179229025	0
8.185034014	0
8.190839002	0
8.196643991	0
8.202448980	0
8.208253968	0
8.214058957	1180.58
8.219863946	1189.98
8.225668934	1182.75
8.231473923	1179.99
8.237278912	1180.02
8.243083900	1179.55
8.248888889	1179.63
8.254693878	1180
8.260498866	1179.79
8.266303855	1179.53
8.272108844	1179.08
8.277913832	1178.91
8.283718821	1178.89
8.289523810	1178.23
8.295328798	1176.9
8.301133787	1175.28
8.306938776	1173.59
8.312743764	1172.52
8.318548753	1172.18
8.324353741	1171.73
8.330158730	1171.37
8.335963719	1171.08
8.341768707	1171.02
8.347573696	1171.08
8.353378685	1171.31
8.359183673	1171.69
8.364988662	1172.43
8.370793651	1173.23
8.376598639	1174.48
8.382403628	1176.12
8.388208617	1177.58
8.394013605	1179.43
8.399818594	1180.98
8.405623583	1181.81
8.411428571	1182.41
8.417233560	1182.61
8.423038549	1182.31
8.428843537	1182.34
8.434648526	1182.75
8.440453515	1182.6
8.446258503	1182.87
8.452063492	1183.26
8.457868481	1183.01
8.463673469	1183.14
8.469478458	1183.17
8.475283447	1182.74
8.481088435	1182.48
8.486893424	1182.03
8.492698413	1180.11
8.498503401	1177.88
8.504308390	1176.18
8.510113379	1174.38
8.515918367	1173.27
8.521723356	1173.01
8.527528345	1172.39
8.533333333	1171.97
8.539138322	1172.24
8.544943311	1172.48
8.550748299	1173.4
8.556553288	1174.74
8.562358277	1176.01
8.568163265	1177.58
8.573968254	1178.65
8.579773243	1179.54
8.585578231	1180.52
8.591383220	1180.98
8.597188209	1181.17
8.602993197	1181.16
8.608798186	1180.96
8.614603175	1180.8
8.620408163	1180.79
8.626213152	1180.87
8.632018141	1180.71
8.637823129	1180.67
8.643628118	1180.14
8.649433107	1178.92
8.655238095	1176.89
8.661043084	1174.89
8.666848073	1172.67
8.672653061	1170.75
8.678458050	1169.93
8.684263039	1168.73
8.690068027	1167.9
8.695873016	1167.81
8.701678005	1167.81
8.707482993	1167.59
8.713287982	1168.7
8.719092971	1168.85
8.724897959	1169.71
8.730702948	1170.98
8.736507937	1173.24
8.742312925	1176.44
8.748117914	1175.95
8.753922902	1189.38
8.759727891	1185.56
8.765532880	1196.1
8.771337868	1185.56
8.777142857	1187.97
8.782947846	1181.86
8.788752834	1180.01
8.794557823	1179.92
8.800362812	1179.5
8.806167800	1179.77
8.811972789	1179.96
8.817777778	1179.75
8.823582766	1179.4
8.829387755	1179.03
8.835192744	1178.9
8.840997732	1178.86
8.846802721	1178.61
8.852607710	1178.33
8.858412698	1177.81
8.864217687	1175.94
8.870022676	1174
8.875827664	1173.16
8.881632653	1173.73
8.887437642	1172.66
8.893242630	1171.47
8.899047619	0
8.904852608	0
8.910657596	0
8.916462585	0
8.922267574	0
8.928072562	0
8.933877551	0
8.939682540	0
8.945487528	0
8.951292517	0
8.957097506	0
8.962902494	0
8.968707483	0
8.974512472	0
8.980317460	0
8.986122449	0
8.991927438	0
8.997732426	0
9.003537415	0
9.009342404	0
9.015147392	0
9.020952381	0
9.026757370	0
9.032562358	1180.58
9.038367347	1187.84
9.044172336	1186.78
9.049977324	1181.09
9.055782313	1179.81
9.061587302	1179.76
9.067392290	1179.4
9.073197279	1179.83
9.079002268	1179.97
9.084807256	1179.72
9.090612245	1179.31
9.096417234	1179
9.102222222	1178.94
9.108027211	1178.79
9.113832200	1177.77
9.119637188	1176.15
9.125442177	1174.59
9.131247166	1173.01
9.137052154	1172.41
9.142857143	1172.07
9.148662132	1171.56
9.154467120	1171.27
9.160272109	1171.01
9.166077098	1171.03
9.171882086	1171.16
9.177687075	1171.35
9.183492063	1171.96
9.189297052	1172.75
9.195102041	1173.63
9.200907029	1175.21
9.206712018	1176.73
9.212517007	1178.28
9.218321995	1179.82
9.224126984	1180.45
9.229931973	1181.4
9.235736961	1183.69
9.241541950	1183.59
9.247346939	1185.46
9.253151927	0
9.258956916	0
9.264761905	0
9.270566893	980.85
9.276371882	988.018
9.282176871	989.756
9.287981859	991.479
9.293786848	991.501
9.299591837	991.169
9.305396825	991.418
9.311201814	991.29
9.317006803	991.371
9.322811791	991.651
9.328616780	991.486
9.334421769	991.583
9.340226757	991.668
9.346031746	991.908
9.351836735	992.322
9.357641723	992.602
9.363446712	992.797
9.369251701	992.845
9.375056689	992.939
9.380861678	992.886
9.386666667	992.712
9.392471655	992.349
9.398276644	991.162
9.404081633	989.844
9.409886621	988.465
9.415691610	987.444
9.421496599	987.096
9.427301587	986.887
9.433106576	987.102
9.438911565	987.231
9.444716553	986.397
9.450521542	986.457
9.456326531	986.523
9.462131519	986.453
9.467936508	986.546
9.473741497	0
9.479546485	0
9.485351474	0
9.491156463	0
9.496961451	876.148
9.502766440	870.274
9.508571429	872.856
9.514376417	873.833
9.520181406	874.879
9.525986395	875.594
9.531791383	875.466
9.537596372	875.339
9.543401361	875.012
9.549206349	874.954
9.555011338	875.382
9.560816327	875.633
9.566621315	875.796
9.572426304	875.879
9.578231293	875.576
9.584036281	875.269
9.589841270	875.026
9.595646259	874.726
9.601451247	874.716
9.607256236	875.343
9.613061224	875.169
9.618866213	875.098
9.624671202	874.394
9.630476190	872.44
9.636281179	870.873
9.642086168	871.209
9.647891156	871.976
9.653696145	0
9.659501134	0
9.665306122	0
9.671111111	0
9.676916100	0
9.682721088	0
9.688526077	0
9.694331066	0
9.700136054	0
9.705941043	0
9.711746032	0
9.717551020	0
9.723356009	0
9.729160998	0
9.734965986	0
9.740770975	0
9.746575964	0
9.752380952	871.049
9.758185941	871.438
9.763990930	873.224
9.769795918	874.312
9.775600907	875.238
9.781405896	875.578
9.787210884	875.39
9.793015873	875.181
9.798820862	874.933
9.804625850	875.122
9.810430839	875.572
9.816235828	875.688
9.822040816	875.876
9.827845805	875.777
9.833650794	875.451
9.839455782	875.166
9.845260771	874.517
9.851065760	874.233
9.856870748	874.064
9.862675737	873.674
9.868480726	873.023
9.874285714	872.159
9.880090703	871.389
9.885895692	870.872
9.891700680	871.018
9.897505669	871.176
9.903310658	871.28
9.909115646	871.373
9.914920635	871.359
9.920725624	871.416
9.926530612	871.562
9.932335601	871.82
9.938140590	872.037
9.943945578	872.197
9.949750567	872.95
9.955555556	875.911
9.961360544	0
9.967165533	0
9.972970522	0
9.978775510	0
9.984580499	0
9.990385488	979.304
9.996190476	987.474
10.001995465	989.401
10.007800454	991.367
10.013605442	991.477
10.019410431	991.26
10.025215420	991.468
10.031020408	991.274
10.036825397	991.349
10.042630385	991.6
10.048435374	991.501
10.054240363	991.578
10.060045351	991.674
10.065850340	991.849
10.071655329	992.239
10.077460317	992.54
10.083265306	992.841
10.089070295	992.995
10.094875283	993.125
10.100680272	993.353
10.106485261	993.395
10.112290249	994.627
10.118095238	992.957
10.123900227	992.83
10.129705215	992.026
10.135510204	990.039
10.141315193	987.953
10.147120181	988.995
10.152925170	0
10.158730159	0
10.164535147	0
10.170340136	0
10.176145125	0
10.181950113	0
10.187755102	0
10.193560091	0
10.199365079	0
10.205170068	0
10.210975057	0
10.216780045	0
10.222585034	0
10.228390023	0
10.234195011	0
10.240000000	0
10.245804989	1182.1
10.251609977	1188.93
10.257414966	1182.24
10.263219955	1179.98
10.269024943	1179.99
10.274829932	1179.54
10.280634921	1179.68
10.286439909	1180
10.292244898	1179.77
10.298049887	1179.48
10.303854875	1179.09
10.309659864	1178.87
10.315464853	1178.87
10.321269841	1178.14
10.327074830	1176.68
10.332879819	1175.16
10.338684807	1173.48
10.344489796	1172.58
10.350294785	1172.58
10.356099773	1172.48
10.361904762	1172.22
10.367709751	1172.3
10.373514739	1171.69
10.379319728	1171.41
10.385124717	1172.13
10.390929705	1171.52
10.396734694	1172.55
10.402539683	0
10.408344671	0
10.414149660	0
10.419954649	0
10.425759637	0
10.431564626	0
10.437369615	0
10.443174603	0
10.448979592	0
10.454784580	0
10.460589569	0
10.466394558	0
10.472199546	0
10.478004535	0
10.483809524	0
10.489614512	0
10.495419501	0
10.501224490	0
10.507029478	0
10.512834467	1347.97
10.518639456	1319.92
10.524444444	1323.6
10.530249433	1329.33
10.536054422	1328.72
10.541859410	1328.39
10.547664399	1328.31
10.553469388	1327.09
10.559274376	1327.03
10.565079365	1327.3
10.570884354	1327.2
10.576689342	1326.7
10.582494331	1326.53
10.588299320	1326.93
10.594104308	1327.24
10.599909297	1327.29
10.605714286	1325.98
10.611519274	1324.94
10.617324263	1323.66
10.623129252	1322.21
10.628934240	1321.72
10.634739229	1320.93
10.640544218	1320.42
10.646349206	1320.54
10.652154195	1320.5
10.657959184	1320.65
10.663764172	1320.78
10.669569161	1320.74
10.675374150	1321.57
10.681179138	1321.94
10.686984127	1322.3
10.692789116	1323.05
10.698594104	1323.4
10.704399093	1324.02
10.710204082	1324.62
10.716009070	1325.09
10.721814059	1326.08
10.727619048	1327.01
10.733424036	0
10.739229025	0
10.745034014	0
10.750839002	1506.76
10.756643991	1470
10.762448980	1468.54
10.768253968	1468.67
10.774058957	1468.67
10.779863946	1469.14
10.785668934	1469.39
10.791473923	1470
10.797278912	1471.01
10.803083900	1472.5
10.808888889	1474.24
10.814693878	1476.03
10.820498866	1477.77
10.826303855	1479.31
10.832108844	1480.79
10.837913832	1482.43
10.843718821	1483.89
10.849523810	1485.31
10.855328798	1486.49
10.861133787	1486.82
10.866938776	1487.04
10.872743764	1486.8
10.878548753	1486.58
10.884353741	1486.55
10.890158730	1486.52
10.895963719	1486.83
10.901768707	1486.07
10.907573696	1485.14
10.913378685	1484.84
10.919183673	1484.36
10.924988662	1484.18
10.930793651	0
10.936598639	0
10.942403628	0
10.948208617	0
10.954013605	0
10.959818594	0
10.965623583	0
10.971428571	0
10.977233560	0
10.983038549	0
10.988843537	1191.51
10.994648526	1185.45
11.000453515	1188.03
11.006258503	1181.95
11.012063492	1179.99
11.017868481	1179.85
11.023673469	1179.55
11.029478458	1179.73
11.035283447	1179.99
11.041088435	1179.79
11.046893424	1179.41
11.052698413	1179.04
11.058503401	1178.89
11.064308390	1178.87
11.070113379	1178.05
11.075918367	1176.59
11.081723356	1175.01
11.087528345	1173.39
11.093333333	1172.51
11.099138322	1172.16
11.104943311	1171.77
11.110748299	1171.42
11.116553288	1171.24
11.122358277	1171.29
11.128163265	1171.72
11.133968254	1172.29
11.139773243	1171.43
11.145578231	1172.33
11.151383220	1172.75
11.157188209	1173.37
11.162993197	0
11.168798186	0
11.174603175	0
11.180408163	0
11.186213152	0
11.192018141	0
11.197823129	0
11.203628118	0
11.209433107	0
11.215238095	0
11.221043084	0
11.226848073	0
11.232653061	0
11.238458050	0
11.244263039	0
11.250068027	0
11.255873016	1186.16
11.261678005	1190.58
11.267482993	1184.82
11.273287982	1180.38
11.279092971	1179.82
11.284897959	1179.6
11.290702948	1179.43
11.296507937	1179.92
11.302312925	1179.91
11.308117914	1179.67
11.313922902	1179.2
11.319727891	1178.96
11.325532880	1178.94
11.331337868	1178.63
11.337142857	1177.48
11.342947846	1175.82
11.348752834	1174.19
11.354557823	1172.72
11.360362812	1172.29
11.366167800	1171.88
11.371972789	1171.44
11.377777778	1171.18
11.383582766	1170.95
11.389387755	1171.07
11.395192744	1171.23
11.400997732	1171.52
11.406802721	1172.19
11.412607710	1172.97
11.418412698	1173.92
11.424217687	1175.58
11.430022676	1177.06
11.435827664	1178.8
11.441632653	1180.6
11.447437642	1181.61
11.447437642	1181.61
11.453242630	1182.27
11.459047619	1182.49
11.464852608	1182.47
11.470657596	1182.17
11.476462585	1182.62
11.482267574	1182.72
11.488072562	1182.65
11.493877551	1183.24
11.499682540	1183.09
11.505487528	1183.03
11.511292517	1183.19
11.517097506	1182.96
11.522902494	1182.55
11.528707483	1182.32
11.534512472	1180.88
11.540317460	1178.57
11.546122449	1176.8
11.551927438	1174.96
11.557732426	1173.44
11.563537415	1173.03
11.569342404	1172.58
11.575147392	1172
11.580952381	1172.14
11.586757370	1172.47
11.592562358	1173.08
11.598367347	1174.21
11.604172336	1175.64
11.609977324	1177.1
11.615782313	1178.33
11.621587302	1179.34
11.627392290	1180.16
11.633197279	1180.84
11.639002268	1181.13
11.644807256	1181.16
11.650612245	1181.04
11.656417234	1180.81
11.662222222	1180.75
11.668027211	1180.9
11.673832200	1180.72
11.679637188	1180.72
11.685442177	1180.4
11.691247166	1179.34
11.697052154	1177.64
11.702857143	1175.52
11.708662132	1173.38
11.714467120	1171.31
11.720272109	1170.25
11.726077098	1169.16
11.731882086	1168.15
11.737687075	1167.73
11.743492063	1167.73
11.749297052	1167.89
11.755102041	1168.58
11.760907029	1169.73
11.766712018	1171.58
11.772517007	1173.36
11.778321995	1175.04
11.784126984	1176.56
11.789931973	1177.72
11.795736961	1178.79
11.801541950	1179.48
11.807346939	1179.85
11.813151927	1180.07
11.818956916	1180.13
11.824761905	1180.26
11.830566893	1180.99
11.836371882	1179.51
11.842176871	1179.87
11.847981859	1180.46
11.853786848	1179.13
11.859591837	1178.9
11.871201814	0
11.877006803	0
11.882811791	0
11.888616780	0
11.894421769	0
11.900226757	0
11.906031746	0
11.911836735	0
11.917641723	0
11.923446712	0
11.929251701	0
11.935056689	0
11.940861678	0
11.946666667	0
11.952471655	0
11.958276644	0
11.964081633	0
11.969886621	0
11.975691610	0
11.981496599	0
11.987301587	0
11.993106576	0
11.998911565	0