0.046439909	992.458
0.052244898	996.469
0.058049887	997.61
0.063854875	994.014
0.069659864	992.109
0.075464853	991.416
0.081269841	990.986
0.087074830	990.012
0.092879819	988.955
0.098684807	988.089
0.104489796	987.435
0.110294785	987.511
0.116099773	987.686
0.121904762	987.932
0.127709751	987.15
0.133514739	986.603
0.139319728	986.139
0.145124717	986.034
0.150929705	986.815
0.156734694	987.274
0.162539683	988.193
0.168344671	988.816
0.174149660	989.487
0.179954649	990.222
0.185759637	990.477
0.191564626	990.532
0.197369615	990.372
0.203174603	990.191
0.208979592	990.172
0.214784580	989.97
0.220589569	989.829
0.226394558	989.61
0.232199546	989.457
0.238004535	989.308
0.243809524	989.135
0.249614512	989.057
0.255419501	988.904
0.261224490	988.886
0.267029478	988.805
0.272834467	988.542
0.278639456	988.362
0.284444444	988.081
0.290249433	987.644
0.296054422	987.292
0.301859410	986.868
0.307664399	986.326
0.313469388	986.279
0.319274376	985.874
0.325079365	985.724
0.330884354	985.423
0.336689342	984.982
0.342494331	984.907
0.348299320	984.334
0.354104308	984.428
0.359909297	983.737
0.365714286	983.246
0.371519274	982.877
0.377324263	982.307
0.383129252	982.562
0.388934240	982.703
0.394739229	982.995
0.400544218	983.325
0.406349206	983.752
0.412154195	983.763
0.417959184	983.961
0.423764172	984.143
0.429569161	984.07
0.435374150	983.669
0.441179138	983.138
0.446984127	982.647
0.452789116	982.01
0.458594104	981.818
0.464399093	981.825
0.470204082	981.67
0.476009070	981.803
0.481814059	982.411
0.487619048	983.545
0.493424036	984.868
0.499229025	986.983
0.505034014	988.669
0.510839002	990.47
0.516643991	993.053
0.522448980	995.574
0.528253968	998.837
0.534058957	1001.13
0.539863946	1002.34
0.545668934	1003.23
0.551473923	1003.47
0.557278912	1003.97
0.563083900	1004.15
0.568888889	1003.87
0.574693878	1002.88
0.580498866	1000.73
0.586303855	998.301
0.592108844	994.257
0.597913832	990.036
0.603718821	987.266
0.609523810	985.988
0.615328798	986.314
0.621133787	986.528
0.626938776	987.086
0.632743764	986.889
0.638548753	986.226
0.644353741	985.565
0.650158730	984.474
0.655963719	984.434
0.661768707	984.374
0.667573696	985.507
0.673378685	987.275
0.679183673	989.619
0.684988662	991.301
0.690793651	993.025
0.696598639	994.837
0.702403628	996.875
0.708208617	999.67
0.714013605	1002.49
0.719818594	1006.22
0.725623583	1010.29
0.731428571	1012.87
0.737233560	1013.46
0.743038549	1011.71
0.748843537	1009.88
0.754648526	1008.97
0.760453515	1008.21
0.766258503	1007.4
0.772063492	1005.94
0.777868481	1003.29
0.783673469	999.765
0.789478458	995.685
0.795283447	991.782
0.801088435	989.036
0.806893424	986.253
0.812698413	983.559
0.818503401	982.036
0.824308390	982.089
0.830113379	983.187
0.835918367	984.423
0.841723356	986.532
0.847528345	988.441
0.853333333	990.726
0.859138322	993.893
0.864943311	996.934
0.870748299	999.593
0.876553288	1001.18
0.882358277	1002.12
0.888163265	1003.84
0.893968254	1006.23
0.899773243	1009.75
0.905578231	1013.67
0.911383220	1015.7
0.917188209	1015.25
0.922993197	1013.66
0.928798186	1012.93
0.934603175	1012.85
0.940408163	1013.45
0.946213152	1014.08
0.952018141	1013.65
0.957823129	1012.07
0.963628118	1009.62
0.969433107	1006.31
0.975238095	1001.81
0.981043084	996.936
0.986848073	992.366
0.992653061	989.999
0.998458050	989.478
1.004263039	989.597
1.010068027	990.132
1.015873016	990.504
1.021678005	990.385
1.027482993	990.765
1.033287982	991.528
1.039092971	993.33
1.044897959	995.778
1.050702948	997.887
1.056507937	999.528
1.062312925	1000.57
1.068117914	1001.23
1.073922902	1001.94
1.079727891	1003.17
1.085532880	1004.63
1.091337868	1005.92
1.097142857	1006.51
1.102947846	1006.41
1.108752834	1005.43
1.114557823	1003.46
1.120362812	1003.45
1.126167800	1006.78
1.131972789	1019.43
1.137777778	1031.1
1.143582766	1039.53
1.149387755	1036.18
1.155192744	1032.38
1.160997732	1034.36
1.166802721	1034.89
1.172607710	1038.62
1.178412698	1045.81
1.184217687	1042.5
1.190022676	1043.46
1.195827664	1043.52
1.201632653	1042.77
1.207437642	1042.42
1.213242630	1043.58
1.219047619	1038.19
1.224852608	1034.81
1.230657596	1036.44
1.236462585	1036.58
1.242267574	1039.72
1.248072562	1041.74
1.253877551	1042.7
1.259682540	1041.82
1.265487528	1043.38
1.271292517	1045.16
1.277097506	1043.73
1.282902494	1044.52
1.288707483	1045.23
1.294512472	1045.48
1.300317460	1045.83
1.306122449	1045.54
1.311927438	1044.45
1.317732426	1043.86
1.323537415	1044.04
1.329342404	1043.94
1.335147392	1043.23
1.340952381	1044.3
1.346757370	1044.85
1.352562358	1045.55
1.358367347	1046.83
1.364172336	1047.28
1.369977324	1048.53
1.375782313	1049.9
1.381587302	1051.54
1.387392290	1052.9
1.393197279	1053.48
1.399002268	1054.14
1.404807256	1054.96
1.410612245	1054.04
1.416417234	1053.78
1.422222222	1054.66
1.428027211	1053.52
1.433832200	1054.41
1.439637188	1055.13
1.445442177	1055.24
1.451247166	1057.06
1.457052154	1058.08
1.462857143	1059.13
1.468662132	1060.52
1.474467120	1061.66
1.480272109	1062.5
1.486077098	1063.79
1.491882086	1064.36
1.497687075	1065.6
1.503492063	1066.99
1.509297052	1067.62
1.515102041	1068.01
1.520907029	1068.22
1.526712018	1068.79
1.532517007	1068.05
1.538321995	1067.97
1.544126984	1068.4
1.549931973	1067.91
1.555736961	1068.05
1.561541950	1068.28
1.567346939	1068.76
1.573151927	1069.87
1.578956916	1071.48
1.584761905	1072.05
1.590566893	1071.99
1.596371882	1072.88
1.602176871	1072.62
1.607981859	1073.16
1.613786848	1073.79
1.619591837	1074.71
1.625396825	1088.5
1.631201814	1113.07
1.637006803	1150.96
1.642811791	1160.11
1.648616780	1163.6
1.654421769	1166.61
1.660226757	1165.08
1.666031746	1165.3
1.671836735	1164.49
1.677641723	1160.58
1.683446712	1159.81
1.689251701	1159.09
1.695056689	1156.7
1.700861678	1159.03
1.706666667	1158.53
1.712471655	1158.04
1.718276644	1165.15
1.724081633	1166.17
1.729886621	1172.57
1.735691610	1174.99
1.741496599	1173.3
1.747301587	1173.48
1.753106576	1173.08
1.758911565	1171.94
1.764716553	1172.31
1.770521542	1173.69
1.776326531	1173.68
1.782131519	1175.07
1.787936508	1172.51
1.793741497	1173.33
1.799546485	1172.45
1.805351474	1170.66
1.811156463	1174.58
1.816961451	1173.73
1.822766440	1173.54
1.828571429	1174.75
1.834376417	1172
1.840181406	1171.55
1.845986395	1171.3
1.851791383	1170.37
1.857596372	1173.24
1.863401361	1173.65
1.869206349	1172.49
1.875011338	1173.94
1.880816327	1173.06
1.886621315	1173.39
1.892426304	1174.99
1.898231293	1175.2
1.904036281	1175.3
1.909841270	1175.1
1.915646259	1175.79
1.921451247	1174.4
1.927256236	1177.06
1.933061224	1175.57
1.938866213	1177.38
1.944671202	1177.86
1.950476190	1175.64
1.956281179	1177.94
1.962086168	1176.45
1.967891156	1176.05
1.973696145	1177.07
1.979501134	1174.31
1.985306122	1174.47
1.991111111	1175.8
1.996916100	1175.51
2.002721088	1177.35
2.008526077	1177.49
2.014331066	1176.22
2.020136054	1178.16
2.025941043	1176.43
2.031746032	1177.63
2.037551020	1177.22
2.043356009	1175.58
2.049160998	1179.3
2.054965986	1177.43
2.060770975	1178.36
2.066575964	1179.11
2.072380952	1175.68
2.078185941	1176.99
2.083990930	1177.7
2.089795918	1176.76
2.095600907	1179.52
2.101405896	1178.95
2.107210884	1177.87
2.113015873	1179.49
2.118820862	1177.27
2.124625850	1177.31
2.130430839	1177.67
2.136235828	1176.56
2.142040816	1177.07
2.147845805	1174.81
2.153650794	1173.35
2.159455782	1172.62
2.165260771	1171.93
2.171065760	1173.58
2.176870748	1175.99
2.182675737	1176.53
2.188480726	1177.14
2.194285714	1178.96
2.200090703	1178.74
2.205895692	1181.82
2.211700680	1182.49
2.217505669	1180.21
2.223310658	1180.46
2.229115646	1180.45
2.234920635	1180.58
2.240725624	1183.57
2.246530612	1184.17
2.252335601	1185.1
2.258140590	1185.3
2.263945578	1185.28
2.269750567	1185.41
2.275555556	1184.05
2.281360544	1183.69
2.287165533	1182.79
2.292970522	1180.87
2.298775510	1180.21
2.304580499	1175.81
2.310385488	1174.32
2.316190476	1171.06
2.321995465	1171
2.327800454	1169.21
2.333605442	1168.71
2.339410431	1168.43
2.345215420	1167.58
2.351020408	1168.22
2.356825397	1168.04
2.362630385	1168.43
2.368435374	1169.38
2.374240363	1170.55
2.380045351	1173.32
2.385850340	1174.97
2.391655329	1177.65
2.397460317	1180.66
2.403265306	1181.81
2.409070295	1185.62
2.414875283	1187.4
2.420680272	1188.49
2.426485261	1190.29
2.432290249	1190.94
2.438095238	1192.59
2.443900227	1194.62
2.449705215	1194.99
2.455510204	1194.61
2.461315193	1193.41
2.467120181	1190.99
2.472925170	1189.07
2.478730159	1187.33
2.484535147	1185.07
2.490340136	1182.63
2.496145125	1180.52
2.501950113	1177.48
2.507755102	1175.83
2.513560091	1179.9
2.519365079	1179.68
2.525170068	1179.42
2.530975057	1178.47
2.536780045	1176.73
2.542585034	1175.17
2.548390023	1174.19
2.554195011	1175.01
2.560000000	1176.81
2.565804989	1179.2
2.571609977	1180.84
2.577414966	1182.55
2.583219955	1184.17
2.589024943	1186.05
2.594829932	1188.6
2.600634921	1190.74
2.606439909	1192.28
2.612244898	1193.07
2.618049887	1193.87
2.623854875	1194.6
2.629659864	1195.12
2.635464853	1195.33
2.641269841	1195.3
2.647074830	1194.03
2.652879819	1191.85
2.658684807	1189.52
2.664489796	1186.41
2.670294785	1182.91
2.676099773	1179.4
2.681904762	1175.72
2.687709751	1170.88
2.693514739	1178.31
2.699319728	1180.87
2.705124717	1177.93
2.710929705	1175.24
2.716734694	1153.53
2.722539683	1120.74
2.728344671	1113.56
2.734149660	1113.46
2.739954649	1122.63
2.745759637	1140.26
2.751564626	1147.56
2.757369615	1149.52
2.763174603	1149.17
2.768979592	1138.68
2.774784580	1111.91
2.780589569	1085.13
2.786394558	1077.93
2.792199546	1076.38
2.798004535	1076.48
2.803809524	1081.16
2.809614512	1077.84
2.815419501	1073.05
2.821224490	1067.99
2.827029478	1059.9
2.832834467	1059.83
2.838639456	1067.62
2.844444444	1078.47
2.850249433	1084.59
2.856054422	1086.03
2.861859410	1083.79
2.867664399	1073.75
2.873469388	1068.5
2.879274376	1069.17
2.885079365	1067.14
2.890884354	1068.41
2.896689342	1066.41
2.902494331	1060.27
2.908299320	1059.6
2.914104308	1057.65
2.919909297	1056.15
2.925714286	1056.84
2.931519274	1057.4
2.937324263	1058.29
2.943129252	1057.76
2.948934240	1056.68
2.954739229	1054.05
2.960544218	1051.93
2.966349206	1051.08
2.972154195	1052.94
2.977959184	1054.08
2.983764172	1054.18
2.989569161	1053.01
2.995374150	1050.76
3.001179138	1048.92
3.006984127	1047.82
3.012789116	1047.97
3.018594104	1048.44
3.024399093	1049.55
3.030204082	1050.08
3.036009070	1050.27
3.041814059	1050.55
3.047619048	1049.55
3.053424036	1049.92
3.059229025	1050.31
3.065034014	1049.76
3.070839002	1049.9
3.076643991	1049.55
3.082448980	1049.27
3.088253968	1049.43
3.094058957	1049.24
3.099863946	1049.63
3.105668934	1049.64
3.111473923	1050.11
3.117278912	1051.08
3.123083900	1052
3.128888889	1053.27
3.134693878	1054.1
3.140498866	1055.82
3.146303855	1056.56
3.152108844	1057.31
3.157913832	1058.9
3.163718821	1059.82
3.169523810	1061.58
3.175328798	1063.87
3.181133787	1064.04
3.186938776	1063.97
3.192743764	1062.47
3.198548753	1062.02
3.204353741	1062.67
3.210158730	1062.43
3.215963719	1062.9
3.221768707	1062.08
3.227573696	1059.9
3.233378685	1059.41
3.239183673	1058.39
3.244988662	1058.85
3.250793651	1059.06
3.256598639	1055.27
3.262403628	1049.18
3.268208617	1036.56
3.274013605	1028.67
3.279818594	1023.33
3.285623583	1020.42
3.291428571	1013.44
3.297233560	1010.25
3.303038549	1009.63
3.308843537	1006.55
3.314648526	1007.41
3.320453515	1006.21
3.326258503	1005.04
3.332063492	1005.86
3.337868481	1002.46
3.343673469	1003.47
3.349478458	1002.3
3.355283447	999.701
3.361088435	1000.11
3.366893424	996.384
3.372698413	995.437
3.378503401	993.651
3.384308390	991.829
3.390113379	992.354
3.395918367	989.453
3.401723356	988.834
3.407528345	986.737
3.413333333	984.785
3.419138322	984.93
3.424943311	984.589
3.430748299	986.036
3.436553288	986.755
3.442358277	988.169
3.448163265	989.893
3.453968254	990.292
3.459773243	992.068
3.465578231	994.264
3.471383220	994.75
3.477188209	996.31
3.482993197	997.719
3.488798186	996.91
3.494603175	997.896
3.500408163	999.197
3.506213152	998.478
3.512018141	999.574
3.517823129	999.832
3.523628118	999.384
3.529433107	1001.15
3.535238095	1000.55
3.541043084	1001.4
3.546848073	999.015
3.552653061	994.938
3.558458050	993.7
3.564263039	989.686
3.570068027	988.596
3.575873016	986.643
3.581678005	983.67
3.587482993	982.612
3.593287982	979.893
3.599092971	983.978
3.604897959	986.248
3.610702948	986.91
3.616507937	989.345
3.622312925	989.297
3.628117914	990.635
3.633922902	992.244
3.639727891	992.697
3.645532880	993.706
3.651337868	993.265
3.657142857	994.936
3.662947846	995.18
3.668752834	996.405
3.674557823	997.056
3.680362812	997.229
3.686167800	998.021
3.691972789	997.565
3.697777778	997.576
3.703582766	997.621
3.709387755	996.572
3.715192744	996.437
3.720997732	995.953
3.726802721	994.154
3.732607710	993.821
3.738412698	992.661
3.744217687	992.042
3.750022676	992.437
3.755827664	991.877
3.761632653	992.572
3.767437642	991.474
3.773242630	991.034
3.779047619	989.31
3.784852608	985.404
3.790657596	982.008
3.796462585	967.269
3.802267574	953.241
3.808072562	934.057
3.813877551	916.831
3.819682540	902.461
3.825487528	896.478
3.831292517	890.538
3.837097506	889.226
3.842902494	890.427
3.848707483	888.99
3.854512472	891.902
3.860317460	893.217
3.866122449	891.382
3.871927438	893.718
3.877732426	891.009
3.883537415	889.64
3.889342404	892.084
3.895147392	888.237
3.900952381	889.897
3.906757370	889.818
3.912562358	886.252
3.918367347	889.201
3.924172336	887.323
3.929977324	886.597
3.935782313	889.39
3.941587302	886.52
3.947392290	887.233
3.953197279	888.461
3.959002268	885.279
3.964807256	887.25
3.970612245	887.682
3.976417234	884.935
3.982222222	888.382
3.988027211	887.749
3.993832200	886.899
3.999637188	889.828
4.005442177	886.854
4.011247166	886.353
4.017052154	887.535
4.022857143	885.503
4.028662132	886.293
4.034467120	887.631
4.040272109	886.162
4.046077098	886.96
4.051882086	887.273
4.057687075	886.308
4.063492063	886.822
4.069297052	886.949
4.075102041	886.038
4.080907029	886.16
4.086712018	886.202
4.092517007	885.204
4.098321995	886.122
4.104126984	885.607
4.109931973	885.278
4.115736961	885.523
4.121541950	884.585
4.127346939	885.132
4.133151927	884.588
4.138956916	884.412
4.144761905	884.614
4.150566893	884.008
4.156371882	884.009
4.162176871	883.88
4.167981859	883.503
4.173786848	883.633
4.179591837	883.803
4.185396825	883.79
4.191201814	884.032
4.197006803	883.596
4.202811791	883.977
4.208616780	884.133
4.214421769	884.314
4.220226757	884.705
4.226031746	884.524
4.231836735	884.518
4.237641723	884.638
4.243446712	884.427
4.249251701	884.498
4.255056689	884.65
4.260861678	884.484
4.266666667	884.792
4.272471655	884.841
4.278276644	884.894
4.284081633	884.953
4.289886621	885.107
4.295691610	884.989
4.301496599	884.979
4.307301587	884.888
4.313106576	884.563
4.318911565	884.487
4.324716553	884.086
4.330521542	883.107
4.336326531	882.696
4.342131519	882.289
4.347936508	881.355
4.353741497	883.881
4.359546485	884.691
4.365351474	884.494
4.371156463	885.398
4.376961451	885.264
4.382766440	884.238
4.388571429	881.171
4.394376417	875.501
4.400181406	864.395
4.405986395	848.177
4.411791383	832.521
4.417596372	818.179
4.423401361	809.585
4.429206349	802.501
4.435011338	799.933
4.440816327	798.305
4.446621315	797.805
4.452426304	797.92
4.458231293	797.973
4.464036281	797.486
4.469841270	796.967
4.475646259	796.663
4.481451247	795.644
4.487256236	794.771
4.493061224	794.176
4.498866213	793.183
4.504671202	793.665
4.510476190	793.232
4.516281179	793.792
4.522086168	793.09
4.527891156	792.208
4.533696145	791.709
4.539501134	790.441
4.545306122	791.063
4.551111111	790.181
4.556916100	790.545
4.562721088	790.169
4.568526077	789.835
4.574331066	789.299
4.580136054	788.986
4.585941043	788.614
4.591746032	788.259
4.597551020	788.852
4.603356009	788.082
4.609160998	788.834
4.614965986	788.615
4.620770975	788.649
4.626575964	789.284
4.632380952	788.564
4.638185941	790.206
4.643990930	790.257
4.649795918	792.939
4.655600907	794.636
4.661405896	796.679
4.667210884	799.707
4.673015873	801.438
4.678820862	808.175
4.684625850	806.341
4.690430839	811.093
4.696235828	809.074
4.702040816	806.376
4.707845805	805.651
4.713650794	798.25
4.719455782	799.975
4.725260771	796.409
4.731065760	798.872
4.736870748	801.414
4.742675737	800.248
4.748480726	803.073
4.754285714	801.717
4.760090703	800.264
4.765895692	797.692
4.771700680	795.811
4.777505669	793.231
4.783310658	792.321
4.789115646	795.155
4.794920635	796.343
4.800725624	800.145
4.806530612	801.001
4.812335601	801.192
4.818140590	799.512
4.823945578	798.432
4.829750567	796.821
4.835555556	796.426
4.841360544	797.517
4.847165533	796.569
4.852970522	798.16
4.858775510	795.409
4.864580499	796.184
4.870385488	793.94
4.876190476	794.093
4.881995465	793.757
4.887800454	792.609
4.893605442	793.275
4.899410431	792.727
4.905215420	792.145
4.911020408	790.197
4.916825397	789.028
4.922630385	789.512
4.928435374	789.079
4.934240363	787.79
4.940045351	786.111
4.945850340	783.818
4.951655329	781.934
4.957460317	780.944
4.963265306	780.61
4.969070295	780.663
4.974875283	780.41
4.980680272	780.312
4.986485261	780.517
4.992290249	780.346
4.998095238	780.545
5.003900227	781.067
5.009705215	781.043
5.015510204	781.355
5.021315193	781.907
5.027120181	782.038
5.032925170	782.364
5.038730159	782.402
5.044535147	782.173
5.050340136	782.326
5.056145125	782.395
5.061950113	782.79
5.067755102	783.022
5.073560091	783.208
5.079365079	783.657
5.085170068	783.832
5.090975057	784.775
5.096780045	785.084
5.102585034	785.276
5.108390023	785.957
5.114195011	786.094
5.120000000	786.912
5.125804989	787.435
5.131609977	788.035
5.137414966	788.819
5.143219955	790.172
5.149024943	790.798
5.154829932	789.593
5.160634921	787.958
5.166439909	786.507
5.172244898	785.962
5.178049887	785.053
5.183854875	785.651
5.189659864	785.237
5.195464853	785.949
5.201269841	787.785
5.207074830	787.367
5.212879819	787.476
5.218684807	788.027
5.224489796	787.405
5.230294785	787.311
5.236099773	788.061
5.241904762	787.475
5.247709751	787.896
5.253514739	788.156
5.259319728	787.33
5.265124717	787.492
5.270929705	787.283
5.276734694	786.838
5.282539683	787.092
5.288344671	787.238
5.294149660	787.209
5.299954649	787.461
5.305759637	787.651
5.311564626	787.966
5.317369615	788.288
5.323174603	788.428
5.328979592	788.853
5.334784580	788.864
5.340589569	789.176
5.346394558	789.325
5.352199546	789.323
5.358004535	789.533
5.363809524	789.407
5.369614512	789.636
5.375419501	789.667
5.381224490	789.556
5.387029478	789.367
5.392834467	788.828
5.398639456	788.44
5.404444444	788.06
5.410249433	787.817
5.416054422	787.745
5.421859410	787.826
5.427664399	788.032
5.433469388	788.074
5.439274376	789.084
5.445079365	796.837
5.450884354	807.723
5.456689342	824.1
5.462494331	846.261
5.468299320	869.602
5.474104308	879.647
5.479909297	884.568
5.485714286	884.908
5.491519274	885.274
5.497324263	883.702
5.503129252	884.757
5.508934240	881.732
5.514739229	883.049
5.520544218	882.031
5.526349206	881.773
5.532154195	882.005
5.537959184	879.607
5.543764172	878.812
5.549569161	876.4
5.555374150	875.653
5.561179138	875.939
5.566984127	875.164
5.572789116	874.814
5.578594104	873.718
5.584399093	872.265
5.590204082	871.766
5.596009070	870.491
5.601814059	870.551
5.607619048	871.172
5.613424036	872.953
5.619229025	876.061
5.625034014	879.693
5.630839002	883.102
5.636643991	885.145
5.642448980	888.574
5.648253968	889.644
5.654058957	892.677
5.659863946	895.591
5.665668934	895.077
5.671473923	899.345
5.677278912	897.228
5.683083900	895.503
5.688888889	898.105
5.694693878	896.013
5.700498866	896.871
5.706303855	900.581
5.712108844	895.444
5.717913832	894.74
5.723718821	892.298
5.729523810	888.643
5.735328798	888.324
5.741133787	885.118
5.746938776	883.503
5.752743764	881.211
5.758548753	878.716
5.764353741	876.786
5.770158730	873.783
5.775963719	872.244
5.781768707	872.603
5.787573696	873.648
5.793378685	874.61
5.799183673	875.904
5.804988662	875.864
5.810793651	877.639
5.816598639	880.115
5.822403628	883.053
5.828208617	885.294
5.834013605	886.682
5.839818594	888.706
5.845623583	889.578
5.851428571	891.494
5.857233560	893.618
5.863038549	894.191
5.868843537	895.047
5.874648526	893.884
5.880453515	892.539
5.886258503	891.535
5.892063492	890.983
5.897868481	890.955
5.903673469	890.493
5.909478458	890.302
5.915283447	888.719
5.921088435	887.706
5.926893424	886.311
5.932698413	885.229
5.938503401	884.428
5.944308390	883.073
5.950113379	882.583
5.955918367	881.069
5.961723356	880.326
5.967528345	881
5.973333333	885.509
5.979138322	895.439
5.984943311	914.189
5.990748299	936.315
5.996553288	940.573
6.002358277	943.284
6.008163265	942.792
6.013968254	943.053
6.019773243	947.342
6.025578231	953.638
6.031383220	960.612
6.037188209	968.578
6.042993197	973.943
6.048798186	975.866
6.054603175	979.441
6.060408163	978.804
6.066213152	981.077
6.072018141	982.224
6.077823129	981.44
6.083628118	983.061
6.089433107	981.954
6.095238095	981.694
6.101043084	984.331
6.106848073	984.34
6.112653061	983.834
6.118458050	983.986
6.124263039	981.097
6.130068027	976.263
6.135873016	976.731
6.141678005	972.723
6.147482993	973.775
6.153287982	978.852
6.159092971	980.999
6.164897959	985.214
6.170702948	985.664
6.176507937	985.377
6.182312925	984.487
6.188117914	985.206
6.193922902	982.736
6.199727891	983.21
6.205532880	978.641
6.211337868	977.199
6.217142857	978.134
6.222947846	975.87
6.228752834	980.957
6.234557823	981.97
6.240362812	984.202
6.246167800	987.349
6.251972789	987.077
6.257777778	986.616
6.263582766	987.042
6.269387755	986.964
6.275192744	985.319
6.280997732	987.049
6.286802721	984.326
6.292607710	984.118
6.298412698	984.381
6.304217687	982.221
6.310022676	983.535
6.315827664	981.434
6.321632653	982.403
6.327437642	981.744
6.333242630	982.074
6.339047619	982.816
6.344852608	982.544
6.350657596	983.341
6.356462585	982.794
6.362267574	983.012
6.368072562	982.605
6.373877551	982.741
6.379682540	982.762
6.385487528	982.682
6.391292517	983.177
6.397097506	983.389
6.402902494	983.182
6.408707483	983.748
6.414512472	983.384
6.420317460	983.237
6.426122449	984.063
6.431927438	984.023
6.437732426	983.96
6.443537415	984.597
6.449342404	983.907
6.455147392	984.013
6.460952381	983.848
6.466757370	983.234
6.472562358	983.606
6.478367347	983.437
6.484172336	983.674
6.489977324	983.789
6.495782313	982.394
6.501587302	980.548
6.507392290	976.921
6.513197279	974.456
6.519002268	974.903
6.524807256	978.343
6.530612245	981.632
6.536417234	983.569
6.542222222	985.169
6.548027211	987.525
6.553832200	994.398
6.559637188	1000.14
6.565442177	1003.14
6.571247166	1003.42
6.577052154	1001.51
6.582857143	1001.96
6.588662132	1002.89
6.594467120	1003.46
6.600272109	1005.81
6.606077098	1006.21
6.611882086	1005.2
6.617687075	1005.18
6.623492063	1004.71
6.629297052	1004.87
6.635102041	1004.7
6.640907029	1004.22
6.646712018	1003.5
6.652517007	1000.96
6.658321995	999.063
6.664126984	996.913
6.669931973	994.776
6.675736961	993.309
6.681541950	991.619
6.687346939	990.026
6.693151927	986.137
6.698956916	982.621
6.704761905	982.069
6.710566893	983.631
6.716371882	985.742
6.722176871	987.52
6.727981859	989.533
6.733786848	991.638
6.739591837	995.028
6.745396825	999.178
6.751201814	1004.8
6.757006803	1008.21
6.762811791	1009.28
6.768616780	1009.21
6.774421769	1009.75
6.780226757	1012.04
6.786031746	1013.93
6.791836735	1017.46
6.797641723	1019.27
6.803446712	1018.31
6.809251701	1017.6
6.815056689	1016.64
6.820861678	1017.5
6.826666667	1016.73
6.832471655	1014.18
6.838276644	1012.05
6.844081633	1009.07
6.849886621	1005.48
6.855691610	1001.55
6.861496599	996.193
6.867301587	991.817
6.873106576	989.967
6.878911565	988.565
6.884716553	987.545
6.890521542	985.791
6.896326531	985.723
6.902131519	987.252
6.907936508	989.797
6.913741497	991.55
6.919546485	991.936
6.925351474	992.402
6.931156463	992.702
6.936961451	993.863
6.942766440	997.636
6.948571429	1002.96
6.954376417	1005.69
6.960181406	1008.22
6.965986395	1010.88
6.971791383	1013.32
6.977596372	1016.7
6.983401361	1018.26
6.989206349	1016.64
6.995011338	1013.88
7.000816327	1011.6
7.006621315	1010.41
7.012426304	1010.11
7.018231293	1009.81
7.024036281	1008.92
7.029841270	1005.95
7.035646259	999.782
7.041451247	993.723
7.047256236	990.547
7.053061224	989.338
7.058866213	988.295
7.064671202	987.731
7.070476190	986.159
7.076281179	986.145
7.082086168	986.201
7.087891156	986.797
7.093696145	987.466
7.099501134	987.781
7.105306122	989.419
7.111111111	991.14
7.116916100	994.331
7.122721088	996.791
7.128526077	999.245
7.134331066	1002.88
7.140136054	1005.66
7.145941043	1008.25
7.151746032	1009.62
7.157551020	1010.73
7.163356009	1010.98
7.169160998	1011.84
7.174965986	1012.25
7.180770975	1010.73
7.186575964	1010.34
7.192380952	1010.09
7.198185941	1009.72
7.203990930	1009.37
7.209795918	1006.75
7.215600907	1002.35
7.221405896	997.645
7.227210884	993.582
7.233015873	992.205
7.238820862	990.497
7.244625850	989.591
7.250430839	989.096
7.256235828	987.876
7.262040816	988.29
7.267845805	989.287
7.273650794	990.931
7.279455782	992.392
7.285260771	992.511
7.291065760	992.572
7.296870748	993.37
7.302675737	994.418
7.308480726	994.593
7.314285714	994.89
7.320090703	995.562
7.325895692	995.521
7.331700680	995.963
7.337505669	995.701
7.343310658	994.957
7.349115646	993.349
7.354920635	993.077
7.360725624	988.52
7.366530612	964.697
7.372335601	928.255
7.378140590	919.02
7.383945578	909.103
7.389750567	906.549
7.395555556	906.784
7.401360544	899.614
7.407165533	902.771
7.412970522	903.957
7.418775510	900.511
7.424580499	904.501
7.430385488	901.293
7.436190476	895.686
7.441995465	895.688
7.447800454	889.813
7.453605442	888.684
7.459410431	887.289
7.465215420	887.556
7.471020408	888.91
7.476825397	887.837
7.482630385	890.16
7.488435374	892.982
7.494240363	891.45
7.500045351	894.002
7.505850340	894.437
7.511655329	889.794
7.517460317	895.135
7.523265306	894.595
7.529070295	893.463
7.534875283	895.882
7.540680272	890.788
7.546485261	889.568
7.552290249	890.044
7.558095238	887.135
7.563900227	888.183
7.569705215	888.955
7.575510204	887.616
7.581315193	888.801
7.587120181	888.978
7.592925170	889.267
7.598730159	888.632
7.604535147	888.071
7.610340136	887.532
7.616145125	885.52
7.621950113	884.487
7.627755102	882.639
7.633560091	878.763
7.639365079	877.863
7.645170068	878.272
7.650975057	885.104
7.656780045	889.334
7.662585034	892.138
7.668390023	897.08
7.674195011	892.469
7.680000000	890.927
7.685804989	890.504
7.691609977	886.937
7.697414966	887.902
7.703219955	887.488
7.709024943	886.52
7.714829932	886.801
7.720634921	886.18
7.726439909	885.492
7.732244898	885.347
7.738049887	885.045
7.743854875	884.93
7.749659864	885.206
7.755464853	884.611
7.761269841	884.485
7.767074830	883.929
7.772879819	882.984
7.778684807	882.429
7.784489796	881.506
7.790294785	880.486
7.796099773	880.356
7.801904762	879.62
7.807709751	878.811
7.813514739	878.958
7.819319728	878.131
7.825124717	878.044
7.830929705	877.917
7.836734694	877.439
7.842539683	877.53
7.848344671	877.882
7.854149660	878.459
7.859954649	878.974
7.865759637	879.273
7.871564626	880.316
7.877369615	881.282
7.883174603	882.239
7.888979592	883.722
7.894784580	884.952
7.900589569	886.004
7.906394558	887.615
7.912199546	888.832
7.918004535	889.886
7.923809524	890.822
7.929614512	890.785
7.935419501	890.268
7.941224490	889.791
7.947029478	888.962
7.952834467	888.445
7.958639456	888.017
7.964444444	887.331
7.970249433	886.634
7.976054422	885.803
7.981859410	884.848
7.987664399	883.51
7.993469388	882.58
7.999274376	880.853
8.005079365	879.158
8.010884354	877.139
8.016689342	873.727
8.022494331	871.647
8.028299320	870.677
8.034104308	873.205
8.039909297	875.404
8.045714286	877.294
8.051519274	878.863
8.057324263	879.667
8.063129252	880.724
8.068934240	881.923
8.074739229	882.828
8.080544218	884.207
8.086349206	886.23
8.092154195	887.964
8.097959184	890.893
8.103764172	893.905
8.109569161	895.446
8.115374150	896.057
8.121179138	893.986
8.126984127	892.361
8.132789116	891.063
8.138594104	889.909
8.144399093	889.719
8.150204082	888.894
8.156009070	888.237
8.161814059	887.562
8.167619048	885.669
8.173424036	884.223
8.179229025	882.294
8.185034014	880.158
8.190839002	878.537
8.196643991	877.238
8.202448980	876.355
8.208253968	875.794
8.214058957	876.245
8.219863946	877.558
8.225668934	879.144
8.231473923	880.767
8.237278912	881.468
8.243083900	882.501
8.248888889	884.016
8.254693878	884.258
8.260498866	883.948
8.266303855	884.481
8.272108844	884.894
8.277913832	886.103
8.283718821	889.991
8.289523810	888.963
8.295328798	886.711
8.301133787	885.056
8.306938776	882.874
8.312743764	879.739
8.318548753	877.982
8.324353741	880.219
8.330158730	881.356
8.335963719	881.048
8.341768707	878.562
8.347573696	876.059
8.353378685	875.616
8.359183673	877.156
8.364988662	879.407
8.370793651	880.472
8.376598639	881.568
8.382403628	882.129
8.388208617	882.772
8.394013605	883.292
8.399818594	883.551
8.405623583	883.986
8.411428571	885.107
8.417233560	886.815
8.423038549	888.017
8.428843537	888.535
8.434648526	888.798
8.440453515	887.39
8.446258503	885.752
8.452063492	884.715
8.457868481	883.307
8.463673469	882.579
8.469478458	882.148
8.475283447	880.681
8.481088435	877.969
8.486893424	873.188
8.492698413	868.767
8.498503401	872.05
8.504308390	877.09
8.510113379	879.627
8.515918367	881.363
8.521723356	881.716
8.527528345	881.365
8.533333333	882.028
8.539138322	882.565
8.544943311	883.164
8.550748299	883.605
8.556553288	883.827
8.562358277	884.16
8.568163265	885.258
8.573968254	893.648
8.579773243	893.581
8.585578231	893.45
8.591383220	891.016
8.597188209	889.629
8.602993197	893.809
8.608798186	891.752
8.614603175	892.903
8.620408163	892.812
8.626213152	888.961
8.632018141	888.279
8.637823129	886.013
8.643628118	883.106
8.649433107	883.472
8.655238095	881.895
8.661043084	878.036
8.666848073	876.606
8.672653061	876.155
8.678458050	874.43
8.684263039	875.865
8.690068027	876.002
8.695873016	877.766
8.701678005	881.979
8.707482993	882.201
8.713287982	884.334
8.719092971	885.778
8.724897959	890.878
8.730702948	878.133
8.736507937	906.615
8.742312925	919.088
8.748117914	921.887
8.753922902	926.135
8.759727891	930.974
8.765532880	934.837
8.771337868	940.252
8.777142857	958.41
8.782947846	997.965
8.788752834	996.995
8.794557823	993.61
8.800362812	993.268
8.806167800	989.078
8.811972789	986.992
8.817777778	987.045
8.823582766	986.77
8.829387755	989.092
8.835192744	989.542
8.840997732	989.99
8.846802721	989.115
8.852607710	987.926
8.858412698	988.622
8.864217687	987.111
8.870022676	987.624
8.875827664	987.774
8.881632653	986.978
8.887437642	988.132
8.893242630	987.784
8.899047619	987.985
8.904852608	988.552
8.910657596	988.036
8.916462585	988.114
8.922267574	988.333
8.928072562	987.697
8.933877551	988.23
8.939682540	988.448
8.945487528	988.443
8.951292517	988.874
8.957097506	988.752
8.962902494	988.281
8.968707483	988.014
8.974512472	987.553
8.980317460	986.891
8.986122449	986.782
8.991927438	985.928
8.997732426	985.685
9.003537415	985.325
9.009342404	985.149
9.015147392	985.261
9.020952381	984.549
9.026757370	985.175
9.032562358	984.333
9.038367347	984.787
9.044172336	985.206
9.049977324	984.616
9.055782313	985.441
9.061587302	985.015
9.067392290	985.359
9.073197279	985.103
9.079002268	985.133
9.084807256	985.185
9.090612245	984.864
9.096417234	984.916
9.102222222	984.488
9.108027211	984.647
9.113832200	984.463
9.119637188	984.865
9.125442177	984.992
9.131247166	985.028
9.137052154	985.44
9.142857143	985.34
9.148662132	985.816
9.154467120	985.604
9.160272109	985.751
9.166077098	985.784
9.171882086	985.325
9.177687075	985.508
9.183492063	984.995
9.189297052	984.561
9.195102041	984.359
9.200907029	983.457
9.206712018	983.045
9.212517007	982.324
9.218321995	981.661
9.224126984	981.828
9.229931973	981.565
9.235736961	981.958
9.241541950	982.393
9.247346939	982.987
9.253151927	983.42
9.258956916	984.148
9.264761905	984.98
9.270566893	985.904
9.276371882	986.971
9.282176871	987.814
9.287981859	988.62
9.293786848	989.269
9.299591837	990.215
9.305396825	991.387
9.311201814	992.26
9.317006803	993.581
9.322811791	993.934
9.328616780	994.211
9.334421769	994.35
9.340226757	993.618
9.346031746	992.912
9.351836735	991.401
9.357641723	990.002
9.363446712	987.921
9.369251701	986.132
9.375056689	984.559
9.380861678	983.457
9.386666667	983.123
9.392471655	982.614
9.398276644	981.567
9.404081633	980.315
9.409886621	979.035
9.415691610	978.67
9.421496599	979.965
9.427301587	980.92
9.433106576	982.235
9.438911565	984.524
9.444716553	988.243
9.450521542	991.949
9.456326531	993.394
9.462131519	993.986
9.467936508	995.332
9.473741497	996.695
9.479546485	999.176
9.485351474	1003.09
9.491156463	1007.24
9.496961451	1010.17
9.502766440	1010.29
9.508571429	1008.57
9.514376417	1007.18
9.520181406	1006.67
9.525986395	1006.41
9.531791383	1006.35
9.537596372	1006.97
9.543401361	1007.24
9.549206349	1006.49
9.555011338	1003.85
9.560816327	999.65
9.566621315	994.263
9.572426304	989.308
9.578231293	985.363
9.584036281	981.927
9.589841270	980.51
9.595646259	979.828
9.601451247	979.535
9.607256236	980.962
9.613061224	984.8
9.618866213	989.018
9.624671202	992
9.630476190	994.221
9.636281179	996.8
9.642086168	999.045
9.647891156	1000.11
9.653696145	1000.86
9.659501134	1002.53
9.665306122	1004.91
9.671111111	1008.21
9.676916100	1012.55
9.682721088	1017.52
9.688526077	1020.7
9.694331066	1020.74
9.700136054	1019.51
9.705941043	1018.69
9.711746032	1018.68
9.717551020	1019.36
9.723356009	1020.52
9.729160998	1020.32
9.734965986	1018.08
9.740770975	1016.03
9.746575964	1014.58
9.752380952	1013.31
9.758185941	1012.19
9.763990930	1010.14
9.769795918	1006.37
9.775600907	1000.29
9.781405896	994.249
9.787210884	993.08
9.793015873	995.171
9.798820862	998.555
9.804625850	1000.65
9.810430839	1001.48
9.816235828	1000.44
9.822040816	997.728
9.827845805	996.031
9.833650794	997.156
9.839455782	1000.14
9.845260771	1003.34
9.851065760	1005.45
9.856870748	1008.13
9.862675737	1013.14
9.868480726	1021.28
9.874285714	1034.84
9.880090703	1056.61
9.885895692	1056.2
9.891700680	1054.99
9.897505669	1054.39
9.903310658	1050.17
9.909115646	1049.84
9.914920635	1050.17
9.920725624	1047.85
9.926530612	1051.8
9.932335601	1051.71
9.938140590	1043.91
9.943945578	1038.89
9.949750567	1036.91
9.955555556	1037.78
9.961360544	1042.38
9.967165533	1048.33
9.972970522	1044.47
9.978775510	1041.48
9.984580499	1040.8
9.990385488	1038.95
9.996190476	1040.43
10.001995465	1043.22
10.007800454	1041.72
10.013605442	1040.44
10.019410431	1040.41
10.025215420	1040.1
10.031020408	1041.54
10.036825397	1044.18
10.042630385	1046.01
10.048435374	1044.47
10.054240363	1044.78
10.060045351	1045.04
10.065850340	1046
10.071655329	1046.78
10.077460317	1045.81
10.083265306	1045.24
10.089070295	1046.06
10.094875283	1046.23
10.100680272	1046.73
10.106485261	1048.42
10.112290249	1046.49
10.118095238	1045.99
10.123900227	1047.06
10.129705215	1047.3
10.135510204	1047.75
10.141315193	1048.55
10.147120181	1048.57
10.152925170	1047.79
10.158730159	1048.76
10.164535147	1049.8
10.170340136	1050.12
10.176145125	1048.76
10.181950113	1047.46
10.187755102	1048.31
10.193560091	1049.08
10.199365079	1050.67
10.205170068	1052.28
10.210975057	1051.17
10.216780045	1050.72
10.222585034	1051.73
10.228390023	1050.97
10.234195011	1050.13
10.240000000	1049.89
10.245804989	1048.93
10.251609977	1049.85
10.257414966	1050.93
10.263219955	1051.44
10.269024943	1051.94
10.274829932	1052.32
10.280634921	1053.15
10.286439909	1053.21
10.292244898	1054.28
10.298049887	1055.42
10.303854875	1055.41
10.309659864	1056.25
10.315464853	1057.96
10.321269841	1058.28
10.327074830	1059.21
10.332879819	1059.86
10.338684807	1059.56
10.344489796	1059.91
10.350294785	1059.7
10.356099773	1059.25
10.361904762	1058.23
10.367709751	1056.31
10.373514739	1063.66
10.379319728	1090.03
10.385124717	1132.3
10.390929705	1159.54
10.396734694	1165.3
10.402539683	1169.86
10.408344671	1168.77
10.414149660	1165.65
10.419954649	1166.64
10.425759637	1165.81
10.431564626	1167.19
10.437369615	1170.78
10.443174603	1169.72
10.448979592	1170.06
10.454784580	1172.17
10.460589569	1172.06
10.466394558	1173.91
10.472199546	1173.5
10.478004535	1172.82
10.483809524	1174.4
10.489614512	1171.68
10.495419501	1172.77
10.501224490	1175.51
10.507029478	1174.42
10.512834467	1175.65
10.518639456	1176.51
10.524444444	1175.94
10.530249433	1175.62
10.536054422	1175.94
10.541859410	1176.1
10.547664399	1176.79
10.553469388	1176.09
10.559274376	1176.28
10.565079365	1177.31
10.570884354	1176.19
10.576689342	1176.82
10.582494331	1177.14
10.588299320	1176.45
10.594104308	1176.43
10.599909297	1177.02
10.605714286	1176.99
10.611519274	1176.92
10.617324263	1176.88
10.623129252	1176.75
10.628934240	1177.3
10.634739229	1177.56
10.640544218	1178
10.646349206	1177.88
10.652154195	1178.15
10.657959184	1177.62
10.663764172	1176.88
10.669569161	1177.62
10.675374150	1177.46
10.681179138	1176.42
10.686984127	1176.74
10.692789116	1176.13
10.698594104	1175.12
10.704399093	1175.77
10.710204082	1175.18
10.716009070	1174.96
10.721814059	1175.72
10.727619048	1175.65
10.733424036	1176.22
10.739229025	1176.99
10.745034014	1176.43
10.750839002	1177.7
10.756643991	1178.14
10.762448980	1177.86
10.768253968	1179.22
10.774058957	1179.1
10.779863946	1179.44
10.785668934	1180.09
10.791473923	1179.69
10.797278912	1180.16
10.803083900	1179.82
10.808888889	1180.31
10.814693878	1180.52
10.820498866	1179.89
10.826303855	1180.14
10.832108844	1179.27
10.837913832	1179.89
10.843718821	1179.87
10.849523810	1180.07
10.855328798	1181.03
10.861133787	1180.24
10.866938776	1180.43
10.872743764	1179.42
10.878548753	1176.44
10.884353741	1174.52
10.890158730	1174.13
10.895963719	1174.74
10.901768707	1176.93
10.907573696	1178.85
10.913378685	1178.83
10.919183673	1181.08
10.924988662	1184.64
10.930793651	1192.01
10.936598639	1196.79
10.942403628	1194.11
10.948208617	1191.55
10.954013605	1189.61
10.959818594	1189.1
10.965623583	1188.72
10.971428571	1188.52
10.977233560	1188.52
10.983038549	1188.37
10.988843537	1188.13
10.994648526	1187.76
11.000453515	1187.5
11.006258503	1186.65
11.012063492	1185.89
11.017868481	1185.05
11.023673469	1183.84
11.029478458	1182.22
11.035283447	1179.98
11.041088435	1177.11
11.046893424	1173.25
11.052698413	1171.55
11.058503401	1170.44
11.064308390	1169.53
11.070113379	1169.53
11.075918367	1169.24
11.081723356	1169.8
11.087528345	1170.79
11.093333333	1171.93
11.099138322	1173.19
11.104943311	1174.28
11.110748299	1175.69
11.116553288	1177.42
11.122358277	1179.86
11.128163265	1182.98
11.133968254	1186.35
11.139773243	1188.97
11.145578231	1190.06
11.151383220	1190.51
11.157188209	1190.67
11.162993197	1191.53
11.168798186	1193.14
11.174603175	1195.07
11.180408163	1196.81
11.186213152	1197.24
11.192018141	1195.53
11.197823129	1192.73
11.203628118	1189.91
11.209433107	1187.54
11.215238095	1185.76
11.221043084	1183.81
11.226848073	1182.01
11.232653061	1179.52
11.238458050	1175.98
11.244263039	1171.92
11.250068027	1169.83
11.255873016	1169.72
11.261678005	1170.6
11.267482993	1171.28
11.273287982	1169.77
11.279092971	1168.13
11.284897959	1169
11.290702948	1172.76
11.296507937	1176.06
11.302312925	1178.43
11.308117914	1179.65
11.313922902	1181.45
11.319727891	1182.9
11.325532880	1183.9
11.331337868	1184.9
11.337142857	1185.02
11.342947846	1185.57
11.348752834	1186.09
11.354557823	1186.33
11.360362812	1186.6
11.366167800	1185.29
11.371972789	1183.29
11.377777778	1180.82
11.383582766	1178.47
11.389387755	1177.09
11.395192744	1175.78
11.400997732	1177.47
11.406802721	1184.17
11.412607710	1184.66
11.418412698	1172.09
11.424217687	1163.51
11.430022676	1137.08
11.435827664	1117.11
11.441632653	1123.71
11.447437642	1127.07
11.453242630	1129.3
11.459047619	1130.47
11.464852608	1117.15
11.470657596	1093.35
11.476462585	1084.23
11.482267574	1083.37
11.488072562	1083.08
11.493877551	1087.36
11.499682540	1086.93
11.505487528	1081.21
11.511292517	1077.65
11.517097506	1074.77
11.522902494	1072.2
11.528707483	1070.26
11.534512472	1068.45
11.540317460	1067.29
11.546122449	1068.3
11.551927438	1069.97
11.557732426	1070.67
11.563537415	1078.28
11.569342404	1087.94
11.575147392	1095.26
11.580952381	1097.67
11.586757370	1096.1
11.592562358	1090.76
11.598367347	1083.64
11.604172336	1079.67
11.609977324	1070.99
11.615782313	1065.41
11.621587302	1066.83
11.627392290	1074.71
11.633197279	1087.24
11.639002268	1097.54
11.644807256	1102.55
11.650612245	1101.9
11.656417234	1095.16
11.662222222	1082.92
11.668027211	1071.06
11.673832200	1061.77
11.679637188	1054.89
11.685442177	1055.67
11.691247166	1056.64
11.697052154	1056.02
11.702857143	1057.13
11.708662132	1056.48
11.714467120	1056.73
11.720272109	1058.83
11.726077098	1059.78
11.731882086	1061.94
11.737687075	1063.84
11.743492063	1068.51
11.749297052	1070.98
11.755102041	1067.7
11.760907029	1064.63
11.766712018	1061.47
11.772517007	1060.55
11.778321995	1060.71
11.784126984	1060.24
11.789931973	1059.69
11.795736961	1059.27
11.801541950	1058.17
11.807346939	1058.33
11.813151927	1057.34
11.818956916	1056.84
11.824761905	1060.85
11.830566893	1061.54
11.836371882	1062.53
11.842176871	1066.3
11.847981859	1066.71
11.853786848	1068.84
11.859591837	1073.42
11.865396825	1073.7
11.871201814	1071.56
11.877006803	1072.4
11.882811791	1070.19
11.888616780	1066.27
11.894421769	1067.08
11.900226757	1067.77
11.906031746	1067.22
11.911836735	1070.53
11.917641723	1071.66
11.923446712	1069.68
11.929251701	1070.81
11.935056689	1077.14
11.940861678	1077.39
11.946666667	1077.08
11.952471655	1076.51
11.958276644	1076.51
11.964081633	1058.25
11.969886621	1028.54
11.975691610	1010.24
11.981496599	1006.19
11.987301587	1000.24
11.993106576	1002.45
11.998911565	1000.43
12.004716553	999.008
12.010521542	1000.05
12.016326531	996.566
12.022131519	997.146
12.027936508	996.244
12.033741497	995.395
12.039546485	994.953
12.045351474	994.809
12.051156463	994.158
12.056961451	992.124
12.062766440	993.064
12.068571429	990.554
12.074376417	990.225
12.080181406	990.228
12.085986395	987.284
12.091791383	986.863
12.097596372	986.092
12.103401361	985.53
12.109206349	985.247
12.115011338	984.977
12.120816327	984.114
12.126621315	983.011
12.132426304	982.938
12.138231293	982.316
12.144036281	982.089
12.149841270	982.135
12.155646259	981.18
12.161451247	982.437
12.167256236	982.903
12.173061224	983.583
12.178866213	985.698
12.184671202	986.345
12.190476190	988.453
12.196281179	991.871
12.202086168	995.067
12.207891156	995.752
12.213696145	996.412
12.219501134	998.491
12.225306122	999.377
12.231111111	1001.66
12.236916100	1005.04
12.242721088	1006.33
12.248526077	1007.69
12.254331066	1007.86
12.260136054	1005.22
12.265941043	1003.07
12.271746032	1000.85
12.277551020	997.14
12.283356009	993.623
12.289160998	991.689
12.294965986	989.311
12.300770975	987.745
12.306575964	987.43
12.312380952	986.42
12.318185941	986.123
12.323990930	985.594
12.329795918	985.618
12.335600907	986.804
12.341405896	987.174
12.347210884	988.255
12.353015873	989.497
12.358820862	989.811
12.364625850	991.968
12.370430839	995.021
12.376235828	997.516
12.382040816	998.883
12.387845805	999.64
12.393650794	1001.85
12.399455782	1004.6
12.405260771	1007.83
12.411065760	1011.74
12.416870748	1014.31
12.422675737	1014.15
12.428480726	1013.46
12.434285714	1011.91
12.440090703	1010.27
12.445895692	1009.25
12.451700680	1009.09
12.457505669	1009.03
12.463310658	1009.12
12.469115646	1008.41
12.474920635	1005.18
12.480725624	1002.56
12.486530612	1000.51
12.492335601	998.925
12.498140590	997.386
12.503945578	995.339
12.509750567	994.958
12.515555556	988.301
12.521360544	981.953
12.527165533	954.105
12.532970522	925.332
12.538775510	907.121
12.544580499	902.086
12.550385488	896.095
12.556190476	896.414
12.561995465	893.186
12.567800454	893.968
12.573605442	894.226
12.579410431	892.541
12.585215420	894.158
12.591020408	892.7
12.596825397	893.837
12.602630385	893.389
12.608435374	893.666
12.614240363	894.521
12.620045351	890.531
12.625850340	890.995
12.631655329	889.833
12.637460317	888.587
12.643265306	888.176
12.649070295	889.137
12.654875283	887.34
12.660680272	885.75
12.666485261	886.877
12.672290249	883.541
12.678095238	882.461
12.683900227	883.099
12.689705215	880.837
12.695510204	880.365
12.701315193	882.447
12.707120181	883.423
12.712925170	882.785
12.718730159	885.051
12.724535147	885.013
12.730340136	884.977
12.736145125	886.572
12.741950113	886.814
12.747755102	888.216
12.753560091	890.611
12.759365079	891.337
12.765170068	893.863
12.770975057	895.665
12.776780045	894.972
12.782585034	897.269
12.788390023	895.865
12.794195011	894.611
12.800000000	894.383
12.805804989	892.291
12.811609977	891.914
12.817414966	891.188
12.823219955	889.965
12.829024943	889.501
12.834829932	888.362
12.840634921	886.884
12.846439909	886.205
12.852244898	883.858
12.858049887	882.114
12.863854875	880.737
12.869659864	878.73
12.875464853	877.93
12.881269841	876.172
12.887074830	873.631
12.892879819	872.146
12.898684807	873.999
12.904489796	878.322
12.910294785	881.517
12.916099773	882.704
12.921904762	884.322
12.927709751	885.062
12.933514739	885.19
12.939319728	886.26
12.945124717	886.572
12.950929705	887.526
12.956734694	889.656
12.962539683	890.972
12.968344671	893.136
12.974149660	893.624
12.979954649	891.66
12.985759637	890.512
12.991564626	888.92
12.997369615	887.358
13.003174603	886.798
13.008979592	885.748
13.014784580	885.07
13.020589569	884.682
13.026394558	882.875
13.032199546	880.956
13.038004535	878.938
13.043809524	875.854
13.049614512	874.804
13.055419501	876.116
13.061224490	878.734
13.067029478	881.694
13.072834467	885.714
13.078639456	885.664
13.084444444	880.729
13.090249433	869.335
13.096054422	846.006
13.101859410	820.273
13.107664399	807.381
13.113469388	802.191
13.119274376	797.92
13.125079365	802.76
13.130884354	800.495
13.136689342	803.338
13.142494331	801.831
13.148299320	800.552
13.154104308	799.443
13.159909297	797.099
13.165714286	796.682
13.171519274	794.03
13.177324263	793.753
13.183129252	791.364
13.188934240	791.961
13.194739229	792.258
13.200544218	794.888
13.206349206	797.48
13.212154195	802.115
13.217959184	801.482
13.223764172	803.691
13.229569161	798.218
13.235374150	795.426
13.241179138	793.13
13.246984127	789.966
13.252789116	792.285
13.258594104	791.955
13.264399093	794.611
13.270204082	799.25
13.276009070	802.659
13.281814059	813.363
13.287619048	818.777
13.293424036	824.164
13.299229025	828.586
13.305034014	831.101
13.310839002	833.107
13.316643991	830.891
13.322448980	831.281
13.328253968	825.268
13.334058957	826.019
13.339863946	825.421
13.345668934	828.918
13.351473923	835.647
13.357278912	839.629
13.363083900	845.663
13.368888889	848.491
13.374693878	853.986
13.380498866	857.866
13.386303855	862.784
13.392108844	863.809
13.397913832	863.773
13.403718821	863.908
13.409523810	854.062
13.415328798	853.903
13.421133787	845.354
13.426938776	842.943
13.432743764	841.128
13.438548753	832.257
13.444353741	820.124
13.450158730	806.535
13.455963719	798.417
13.461768707	791.567
13.467573696	796.205
13.473378685	798.732
13.479183673	798.355
13.484988662	798.591
13.490793651	794.29
13.496598639	792.81
13.502403628	793.058
13.508208617	790.756
13.514013605	796.407
13.519818594	797.792
13.525623583	804.705
13.531428571	810.616
13.537233560	815.387
13.543038549	820.021
13.548843537	821.352
13.554648526	824.744
13.560453515	822.076
13.566258503	821.085
13.572063492	814.693
13.577868481	807.724
13.583673469	805.404
13.589478458	798.023
13.595283447	799.525
13.601088435	796.473
13.606893424	799.31
13.612698413	804.782
13.618503401	808.429
13.624308390	812.936
13.630113379	815.184
13.635918367	810.232
13.641723356	798.025
13.647528345	789.815
13.653333333	788.259
13.659138322	785.711
13.664943311	784.465
13.670748299	782.817
13.676553288	780.864
13.682358277	780.162
13.688163265	779.524
13.693968254	779.382
13.699773243	779.599
13.705578231	779.8
13.711383220	779.948
13.717188209	780.656
13.722993197	780.506
13.728798186	781.418
13.734603175	781.637
13.740408163	781.733
13.746213152	782.196
13.752018141	781.433
13.757823129	781.654
13.763628118	781.662
13.769433107	781.241
13.775238095	781.605
13.781043084	780.93
13.786848073	779.855
13.792653061	779.876
13.798458050	778.373
13.804263039	779.074
13.810068027	781.2
13.815873016	780.87
13.821678005	783.507
13.827482993	785.112
13.833287982	787.416
13.839092971	789.509
13.844897959	791.246
13.850702948	792.373
13.856507937	793.583
13.862312925	794.842
13.868117914	796.329
13.873922902	797.935
13.879727891	799.157
13.885532880	798.717
13.891337868	797.739
13.897142857	797.094
13.902947846	796.526
13.908752834	796.475
13.914557823	795.797
13.920362812	795.421
13.926167800	794.564
13.931972789	793.409
13.937777778	792.396
13.943582766	791.34
13.949387755	790.069
13.955192744	788.888
13.960997732	787.489
13.966802721	785.873
13.972607710	785.025
13.978412698	782.706
13.984217687	780.608
13.990022676	780.376
13.995827664	781.066
14.001632653	782.463
14.007437642	783.595
14.013242630	786.321
14.019047619	788.939
14.024852608	790.358
14.030657596	791.925
14.036462585	793.607
14.042267574	795.14
14.048072562	797.242
14.053877551	798.084
14.059682540	798.074
14.065487528	797.902
14.071292517	797.85
14.077097506	797.684
14.082902494	797.441
14.088707483	796.999
14.094512472	795.894
14.100317460	794.883
14.106122449	793.947
14.111927438	792.924
14.117732426	792.122
14.123537415	791.36
14.129342404	790.303
14.135147392	789.471
14.140952381	788.508
14.146757370	787.778
14.152562358	787.06
14.158367347	785.59
14.164172336	789.619
14.169977324	801.893
14.175782313	820.319
14.181587302	842.978
14.187392290	862.948
14.193197279	869.119
14.199002268	872.083
14.204807256	871.767
14.210612245	871.102
14.216417234	873.032
14.222222222	872.896
14.228027211	873.131
14.233832200	875.541
14.239637188	873.353
14.245442177	874.451
14.251247166	874.22
14.257052154	874.507
14.262857143	875.292
14.268662132	875.474
14.274467120	875.426
14.280272109	876.365
14.286077098	876.283
14.291882086	877.109
14.297687075	876.777
14.303492063	877.662
14.309297052	877.634
14.315102041	877.988
14.320907029	878.186
14.326712018	878.102
14.332517007	876.853
14.338321995	877.835
14.344126984	875.981
14.349931973	876.393
14.355736961	875.761
14.361541950	875.695
14.367346939	876.31
14.373151927	876.419
14.378956916	877.246
14.384761905	877.026
14.390566893	877.765
14.396371882	877.411
14.402176871	877.603
14.407981859	877.761
14.413786848	878.131
14.419591837	878.72
14.425396825	879.325
14.431201814	879.459
14.437006803	880.957
14.442811791	880.261
14.448616780	882.527
14.454421769	881.672
14.460226757	883.104
14.466031746	883.099
14.471836735	883.164
14.477641723	883.427
14.483446712	883.291
14.489251701	883.386
14.495056689	883.643
14.500861678	883.217
14.506666667	882.657
14.512471655	882.428
14.518276644	882.052
14.524081633	882.113
14.529886621	882.001
14.535691610	882.188
14.541496599	882.127
14.547301587	882.139
14.553106576	881.995
14.558911565	881.964
14.564716553	881.827
14.570521542	882.244
14.576326531	882.273
14.582131519	883.068
14.587936508	882.769
14.593741497	883.391
14.599546485	883.611
14.605351474	883.095
14.611156463	884.709
14.616961451	883.246
14.622766440	884.713
14.628571429	883.66
14.634376417	884.281
14.640181406	883.63
14.645986395	884.33
14.651791383	883.649
14.657596372	884.492
14.663401361	884.244
14.669206349	884.355
14.675011338	884.514
14.680816327	884.262
14.686621315	884.364
14.692426304	884.31
14.698231293	884.336
14.704036281	884.097
14.709841270	883.857
14.715646259	883.587
14.721451247	884.094
14.727256236	886.506
14.733061224	895.653
14.738866213	908.016
14.744671202	930.438
14.750476190	940.756
14.756281179	947.786
14.762086168	954.145
14.767891156	962.666
14.773696145	966.122
14.779501134	971.878
14.785306122	974.894
14.791111111	973.788
14.796916100	979.654
14.802721088	980.232
14.808526077	980.439
14.814331066	986.677
14.820136054	984.356
14.825941043	986.542
14.831746032	989.036
14.837551020	984.898
14.843356009	986.74
14.849160998	984.845
14.854965986	982.786
14.860770975	985.931
14.866575964	983.898
14.872380952	985.979
14.878185941	986.507
14.883990930	985.256
14.889795918	985.484
14.895600907	983.182
14.901405896	982.104
14.907210884	979.894
14.913015873	981.146
14.918820862	982.695
14.924625850	983.582
14.930430839	985.314
14.936235828	985.277
14.942040816	984.941
14.947845805	985.618
14.953650794	985.793
14.959455782	986.957
14.965260771	987.795
14.971065760	987.609
14.976870748	988.187
14.982675737	988.268
14.988480726	988.464
14.994285714	988.947
15.000090703	988.339
15.005895692	988.166
15.011700680	988.294
15.017505669	987.824
15.023310658	987.514
15.029115646	987.572
15.034920635	985.831
15.040725624	986.311
15.046530612	985.155
15.052335601	984.323
15.058140590	984.631
15.063945578	983.203
15.069750567	984.288
15.075555556	982.293
15.081360544	982.675
15.087165533	982.296
15.092970522	981.918
15.098775510	983.221
15.104580499	982.799
15.110385488	982.953
15.116190476	982.013
15.121995465	981.936
15.127800454	980.951
15.133605442	981.145
15.139410431	981.196
15.145215420	981.139
15.151020408	981.068
15.156825397	980.968
15.162630385	980.793
15.168435374	980.932
15.174240363	981.402
15.180045351	981.339
15.185850340	981.785
15.191655329	982.407
15.197460317	982.714
15.203265306	983.58
15.209070295	984.717
15.214875283	984.468
15.220680272	985.076
15.226485261	984.441
15.232290249	984.154
15.238095238	984.127
15.243900227	983.36
15.249705215	982.959
15.255510204	981.417
15.261315193	979.445
15.267120181	978.728
15.272925170	977.751
15.278730159	979.558
15.284535147	979.654
15.290340136	980.614
15.296145125	982.589
15.301950113	980.575
15.307755102	983.197
15.313560091	963.786
15.319365079	934.863
15.325170068	906.45
15.330975057	896.4
15.336780045	891.069
15.342585034	887.926
15.348390023	888.879
15.354195011	887.263
15.360000000	889.746
15.365804989	888.922
15.371609977	889.272
15.377414966	889.951
15.383219955	888.04
15.389024943	888.935
15.394829932	888.843
15.400634921	887.873
15.406439909	889.521
15.412244898	888.439
15.418049887	888.58
15.423854875	888.828
15.429659864	885.339
15.435464853	885.981
15.441269841	883.564
15.447074830	881.438
15.452879819	882.35
15.458684807	879.853
15.464489796	878.632
15.470294785	879.785
15.476099773	877.567
15.481904762	878.562
15.487709751	879.4
15.493514739	879.371
15.499319728	880.703
15.505124717	881.581
15.510929705	882.127
15.516734694	883.839
15.522539683	884.758
15.528344671	886.097
15.534149660	887.91
15.539954649	889.216
15.545759637	891.313
15.551564626	893.424
15.557369615	895.657
15.563174603	896.36
15.568979592	896.718
15.574784580	896.2
15.580589569	896.128
15.586394558	896.61
15.592199546	897.838
15.598004535	898.355
15.603809524	898.158
15.609614512	896.674
15.615419501	893.194
15.621224490	891.395
15.627029478	887.882
15.632834467	885.659
15.638639456	882.607
15.644444444	878.971
15.650249433	877.004
15.656054422	873.997
15.661859410	873.18
15.667664399	873.634
15.673469388	873.385
15.679274376	873.723
15.685079365	875.205
15.690884354	876.492
15.696689342	879.726
15.702494331	881.343
15.708299320	882.98
15.714104308	884.199
15.719909297	885.053
15.725714286	886.137
15.731519274	887.021
15.737324263	888.566
15.743129252	890.563
15.748934240	893.527
15.754739229	895.849
15.760544218	896.163
15.766349206	893.77
15.772154195	891.542
15.777959184	890.602
15.783764172	889.763
15.789569161	890.035
15.795374150	890.379
15.801179138	890.634
15.806984127	891.016
15.812789116	890.002
15.818594104	888.41
15.824399093	885.684
15.830204082	883.455
15.836009070	881.788
15.841814059	880.102
15.847619048	879.534
15.853424036	878.787
15.859229025	878.441
15.865034014	878.225
15.870839002	877.548
15.876643991	877.633
15.882448980	879.733
15.888253968	881.036
15.894058957	882.003
15.899863946	882.236
15.905668934	881.927
15.911473923	882.797
15.917278912	883.145
15.923083900	884.275
15.928888889	886.054
15.934693878	887.035
15.940498866	888.515
15.946303855	889.546
15.952108844	890.55
15.957913832	891.817
15.963718821	892.188
15.969523810	891.57
15.975328798	890.551
15.981133787	889.674
15.986938776	888.52
15.992743764	887.644
15.998548753	886.745
16.004353741	885.47
16.010158730	884.58
16.015963719	883.279
16.021768707	881.518
16.027573696	879.58
16.033378685	877.458
16.039183673	876.583
16.044988662	877.928
16.050793651	878.953
16.056598639	880.05
16.062403628	880.232
16.068208617	880.377
16.074013605	880.288
16.079818594	879.57
16.085623583	879.198
16.091428571	878.624
16.097233560	879.259
16.103038549	879.517
16.108843537	877.131
16.114648526	873.666
16.120453515	871.11
16.126258503	864.239
16.132063492	850.208
16.137868481	828.222
16.143673469	815.542
16.149478458	804.974
16.155283447	804.048
16.161088435	798.846
16.166893424	800.947
16.172698413	799.128
16.178503401	798.288
16.184308390	797.657
16.190113379	797.621
16.195918367	798.859
16.201723356	801.886
16.207528345	802.643
16.213333333	802.907
16.219138322	801.77
16.224943311	796.973
16.230748299	795.798
16.236553288	791.439
16.242358277	791.439
16.248163265	793.633
16.253968254	795.271
16.259773243	799.65
16.265578231	802.867
16.271383220	802.303
16.277188209	805.024
16.282993197	800.69
16.288798186	800.231
16.294603175	796.346
16.300408163	792.874
16.306213152	791.986
16.312018141	788.307
16.317823129	788.299
16.323628118	787.233
16.329433107	787.004
16.335238095	788.225
16.341043084	788.095
16.346848073	789.334
16.352653061	789.805
16.358458050	789.605
16.364263039	790.827
16.370068027	789.407
16.375873016	790.102
16.381678005	789.381
16.387482993	790.026
16.393287982	791.643
16.399092971	792.418
16.404897959	795.084
16.410702948	788.488
16.416507937	797.233
16.422312925	802.375
16.428117914	810.294
16.433922902	797.945
16.439727891	792.633
16.445532880	789.783
16.451337868	787.706
16.457142857	788.351
16.462947846	786.909
16.468752834	787.265
16.474557823	786.634
16.480362812	785.163
16.486167800	785.471
16.491972789	783.631
16.497777778	783.631
16.503582766	783.622
16.509387755	782.717
16.515192744	783.116
16.520997732	783.225
16.526802721	782.388
16.532607710	783.021
16.538412698	782.17
16.544217687	782.227
16.550022676	782.215
16.555827664	781.119
16.561632653	782.358
16.567437642	779.621
16.573242630	781.199
16.579047619	779.918
16.584852608	778.448
16.590657596	779.781
16.596462585	777.911
16.602267574	778.63
16.608072562	780.181
16.613877551	781.069
16.619682540	783.845
16.625487528	785.502
16.631292517	786.455
16.637097506	788.066
16.642902494	788.645
16.648707483	790.02
16.654512472	790.983
16.660317460	791.946
16.666122449	792.812
16.671927438	792.963
16.677732426	793.166
16.683537415	792.403
16.689342404	792.121
16.695147392	791.768
16.700952381	791.477
16.706757370	791.449
16.712562358	791.014
16.718367347	790.683
16.724172336	789.94
16.729977324	789.254
16.735782313	788.239
16.741587302	786.976
16.747392290	785.273
16.753197279	783.659
16.759002268	782.612
16.764807256	781.281
16.770612245	780.771
16.776417234	780.432
16.782222222	779.6
16.788027211	780.395
16.793832200	780.151
16.799637188	780.838
16.805442177	781.749
16.811247166	782.457
16.817052154	783.914
16.822857143	785.206
16.828662132	786.217
16.834467120	787.653
16.840272109	788.647
16.846077098	789.767
16.851882086	790.468
16.857687075	791.472
16.863492063	791.826
16.869297052	792.115
16.875102041	791.981
16.880907029	791.168
16.886712018	790.864
16.892517007	790.046
16.898321995	789.692
16.904126984	788.982
16.909931973	788.277
16.915736961	787.597
16.921541950	786.576
16.927346939	786.282
16.933151927	785.807
16.938956916	785.46
16.944761905	785.184
16.950566893	782.617
16.956371882	780.407
16.962176871	779.802
16.967981859	783.513
16.973786848	786.073
16.979591837	784.628
16.985396825	785.499
16.991201814	784.359
16.997006803	783.09
17.002811791	785.142
17.008616780	782.895
17.014421769	783.256
17.020226757	783.481
17.026031746	782.721
17.031836735	785.022
17.037641723	785.783
17.043446712	788.15
17.049251701	790.804
17.055056689	789.919
17.060861678	788.337
17.066666667	786.55
17.072471655	786.821
17.078276644	786.439
17.084081633	788.947
17.089886621	789.913
17.095691610	789.746
17.101496599	790.618
17.107301587	790.832
17.113106576	790.803
17.118911565	792.183
17.124716553	791.552
17.130521542	791.677
17.136326531	791.836
17.142131519	791.202
17.147936508	791.577
17.153741497	791.415
17.159546485	790.48
17.165351474	790.609
17.171156463	789.404
17.176961451	789.011
17.182766440	788.873
17.188571429	787.944
17.194376417	788.434
17.200181406	787.486
17.205986395	787.729
17.211791383	787.035
17.217596372	787.439
17.223401361	787.645
17.229206349	788.925
17.235011338	793.234
17.240816327	0
17.246621315	0
17.252426304	0
17.258231293	0
17.264036281	0
17.269841270	0
17.275646259	0
17.281451247	0
17.287256236	0
17.293061224	0
17.298866213	0
17.304671202	0
17.310476190	0
17.316281179	0
17.322086168	0
17.327891156	0
17.333696145	0
17.339501134	0
17.345306122	0
17.351111111	0
17.356916100	0
17.362721088	0
17.368526077	0
17.374331066	0
17.380136054	0
17.385941043	0
17.391746032	0
17.397551020	0
17.403356009	0
17.409160998	0
17.414965986	0
17.420770975	0
17.426575964	0
17.432380952	0
17.438185941	0
17.443990930	0
17.449795918	0
17.455600907	0
17.461405896	0
17.467210884	0
17.473015873	0
17.478820862	0
17.484625850	0
17.490430839	0
17.496235828	0
17.502040816	0
17.507845805	0
17.513650794	885.423
17.519455782	889.473
17.525260771	886.613
17.531065760	885.184
17.536870748	882.353
17.542675737	881.783
17.548480726	880.327
17.554285714	879.542
17.560090703	879.003
17.565895692	878.365
17.571700680	878.307
17.577505669	878.382
17.583310658	878.761
17.589115646	879.27
17.594920635	879.914
17.600725624	880.702
17.606530612	881.461
17.612335601	882.044
17.618140590	882.574
17.623945578	882.842
17.629750567	883.174
17.635555556	883.403
17.641360544	883.588
17.647165533	883.668
17.652970522	883.778
17.658775510	883.671
17.664580499	883.729
17.670385488	883.794
17.676190476	883.636
17.681995465	883.573
17.687800454	883.455
17.693605442	883.374
17.699410431	883.691
17.705215420	883.671
17.711020408	883.859
17.716825397	883.814
17.722630385	883.886
17.728435374	883.903
17.734240363	884.044
17.740045351	884.079
17.745850340	884.108
17.751655329	884.322
17.757460317	884.332
17.763265306	884.604
17.769070295	884.539
17.774875283	884.539
17.780680272	884.347
17.786485261	884.125
17.792290249	884.197
17.798095238	883.989
17.803900227	884.342
17.809705215	884.528
17.815510204	884.59
17.821315193	885.184
17.827120181	885.134
17.832925170	885.386
17.838730159	885.705
17.844535147	885.362
17.850340136	885.385
17.856145125	885.265
17.861950113	884.742
17.867755102	884.844
17.873560091	884.307
17.879365079	884.054
17.885170068	883.619
17.890975057	883.192
17.896780045	882.935
17.902585034	882.557
17.908390023	882.528
17.914195011	882.371
17.920000000	882.611
17.925804989	882.734
17.931609977	883.062
17.937414966	883.611
17.943219955	884.103
17.949024943	885.046
17.954829932	886.049
17.960634921	887.086
17.966439909	888.525
17.972244898	889.616
17.978049887	891.153
17.983854875	892.548
17.989659864	893.372
17.995464853	893.712
18.001269841	893.002
18.007074830	892.659
18.012879819	891.515
18.018684807	891.193
18.024489796	890.437
18.030294785	889.831
18.036099773	889.252
18.041904762	888.221
18.047709751	887.066
18.053514739	885.319
18.059319728	883.58
18.065124717	881.825
18.070929705	879.921
18.076734694	878.338
18.082539683	876.239
18.088344671	873.923
18.094149660	872.221
18.099954649	871.183
18.105759637	872.393
18.111564626	874.172
18.117369615	876.3
18.123174603	877.716
18.128979592	879.126
18.134784580	880.074
18.140589569	881.634
18.146394558	883.274
18.152199546	885.028
18.158004535	886.923
18.163809524	888.418
18.169614512	890.438
18.175419501	893.084
18.181224490	896.813
18.187029478	898.202
18.192834467	897.012
18.198639456	895.243
18.204444444	894.089
18.210249433	894.092
18.216054422	894.58
18.221859410	895.575
18.227664399	895.39
18.233469388	893.682
18.239274376	891.197
18.245079365	887.314
18.250884354	884.335
18.256689342	881.21
18.262494331	878.796
18.268299320	876.937
18.274104308	874.634
18.279909297	873.103
18.285714286	872.233
18.291519274	872.261
18.297324263	873.127
18.303129252	874.172
18.308934240	874.995
18.314739229	876.341
18.320544218	878.397
18.326349206	880.196
18.332154195	882.248
18.337959184	884.078
18.343764172	885.725
18.349569161	887.153
18.355374150	888.662
18.361179138	890.317
18.366984127	892.732
18.372789116	896.551
18.378594104	897.544
18.384399093	895.405
18.390204082	892.898
18.396009070	891.576
18.401814059	890.829
18.407619048	890.767
18.413424036	891.127
18.419229025	891.402
18.425034014	891.898
18.430839002	891.484
18.436643991	890.059
18.442448980	887.687
18.448253968	885.44
18.454058957	883.495
18.459863946	881.438
18.465668934	880.134
18.471473923	878.772
18.477278912	877.851
18.483083900	876.945
18.488888889	875.847
18.494693878	875.281
18.500498866	874.955
18.506303855	877.191
18.512108844	879.229
18.517913832	881.457
18.523718821	883.165
18.529523810	884.025
18.535328798	884.884
18.541133787	885.599
18.546938776	886.325
18.552743764	887.556
18.558548753	890.15
18.564353741	898.147
18.570158730	918.013
18.575963719	945.753
18.581768707	963.304
18.587573696	971.36
18.593378685	977.56
18.599183673	985.052
18.604988662	983.965
18.610793651	975.925
18.616598639	973.358
18.622403628	970.533
18.628208617	971.852
18.634013605	986.067
18.639818594	988.404
18.645623583	993.028
18.651428571	992.837
18.657233560	984.997
18.663038549	984.673
18.668843537	972.15
18.674648526	968.495
18.680453515	969.198
18.686258503	965.812
18.692063492	974.108
18.697868481	977.145
18.703673469	979.662
18.709478458	978.235
18.715283447	972.576
18.721088435	958.26
18.726893424	952.751
18.732698413	955.581
18.738503401	954.084
18.744308390	962.495
18.750113379	966.155
18.755918367	968.408
18.761723356	978.038
18.767528345	978.404
18.773333333	982.228
18.779138322	984.317
18.784943311	983.788
18.790748299	984.102
18.796553288	984.803
18.802358277	982.073
18.808163265	983.466
18.813968254	983.331
18.819773243	980.971
18.825578231	984.582
18.831383220	981.468
18.837188209	982.443
18.842993197	983.802
18.848798186	981.848
18.854603175	983.842
18.860408163	982.844
18.866213152	982.397
18.872018141	982.307
18.877823129	982.697
18.883628118	982.292
18.889433107	983.209
18.895238095	983.159
18.901043084	983.661
18.906848073	982.651
18.912653061	982.539
18.918458050	981.202
18.924263039	981.52
18.930068027	982.782
18.935873016	982.995
18.941678005	985.016
18.947482993	984.52
18.953287982	984.918
18.959092971	985.17
18.964897959	984.801
18.970702948	984.319
18.976507937	985.451
18.982312925	984.467
18.988117914	985.144
18.993922902	985.252
18.999727891	984.602
19.005532880	986.113
19.011337868	984.995
19.017142857	986.525
19.022947846	986.007
19.028752834	985.826
19.034557823	986.569
19.040362812	985.824
19.046167800	986.372
19.051972789	986.301
19.057777778	985.464
19.063582766	984.044
19.069387755	985.669
19.075192744	985.074
19.080997732	985.605
19.086802721	987.588
19.092607710	978.595
19.098412698	971.418
19.104217687	0
19.110022676	0
19.115827664	824.498
19.121632653	806.254
19.127437642	801.069
19.133242630	803.557
19.139047619	804.685
19.144852608	804.243
19.150657596	799.859
19.156462585	797.773
19.162267574	797.319
19.168072562	797.941
19.173877551	799.009
19.179682540	795.214
19.185487528	793.761
19.191292517	793.273
19.197097506	793.979
19.202902494	793.957
19.208707483	793.27
19.214512472	794.084
19.220317460	793.697
19.226122449	792.911
19.231927438	791.805
19.237732426	790.339
19.243537415	789.724
19.249342404	789.557
19.255147392	791.906
19.260952381	794.582
19.266757370	795.458
19.272562358	795.124
19.278367347	793.311
19.284172336	791.317
19.289977324	790.662
19.295782313	789.368
19.301587302	789.12
19.307392290	788.246
19.313197279	788.411
19.319002268	790.075
19.324807256	790.349
19.330612245	790.733
19.336417234	791.157
19.342222222	790.345
19.348027211	789.903
19.353832200	789.184
19.359637188	788.373
19.365442177	788.202
19.371247166	787.63
19.377052154	787.784
19.382857143	787.873
19.388662132	787.922
19.394467120	789.278
19.400272109	788.234
19.406077098	787.898
19.411882086	788.563
19.417687075	788.081
19.423492063	788.804
19.429297052	787.919
19.435102041	787.027
19.440907029	786.413
19.446712018	785.58
19.452517007	785.519
19.458321995	785.239
19.464126984	784.886
19.469931973	785.429
19.475736961	785.645
19.481541950	785.455
19.487346939	785.627
19.493151927	785.435
19.498956916	785.459
19.504761905	785.412
19.510566893	785.185
19.516371882	785.637
19.522176871	785.6
19.527981859	785.896
19.533786848	786.385
19.539591837	786.518
19.545396825	787.133
19.551201814	787.409
19.557006803	787.249
19.562811791	787.491
19.568616780	787.144
19.574421769	787.079
19.580226757	787.272
19.586031746	786.865
19.591836735	786.492
19.597641723	786.468
19.603446712	787.153
19.609251701	786.903
19.615056689	787.34
19.620861678	787.841
19.626666667	787.751
19.632471655	790.265
19.638276644	803.778
19.644081633	840.326
19.649886621	857.274
19.655691610	863.712
19.661496599	869.183
19.667301587	870.934
19.673106576	874.951
19.678911565	875.793
19.684716553	878.471
19.690521542	880.261
19.696326531	881.283
19.702131519	883.503
19.707936508	883.49
19.713741497	884.527
19.719546485	883.974
19.725351474	884.343
19.731156463	883.679
19.736961451	883.882
19.742766440	883.821
19.748571429	882.989
19.754376417	883.441
19.760181406	882.313
19.765986395	882.524
19.771791383	881.36
19.777596372	880.933
19.783401361	880.902
19.789206349	879.639
19.795011338	881.106
19.800816327	879.508
19.806621315	881.267
19.812426304	880.546
19.818231293	881.852
19.824036281	882.037
19.829841270	882.952
19.835646259	884.697
19.841451247	884.894
19.847256236	888.101
19.853061224	887.727
19.858866213	889.908
19.864671202	890.798
19.870476190	890.697
19.876281179	893.07
19.882086168	892.242
19.887891156	893.761
19.893696145	894.256
19.899501134	892.784
19.905306122	893.591
19.911111111	891.914
19.916916100	891.187
19.922721088	890.988
19.928526077	889.331
19.934331066	888.918
19.940136054	887.703
19.945941043	886.141
19.951746032	885.069
19.957551020	883.071
19.963356009	881.407
19.969160998	879.513
19.974965986	877.199
19.980770975	875.023
19.986575964	872.914
19.992380952	874.057
19.998185941	876.028
20.003990930	878.003
20.009795918	879.79
20.015600907	881.288
20.021405896	882.512
20.027210884	884.324
20.033015873	885.925
20.038820862	887.465
20.044625850	889.27
20.050430839	890.65
20.056235828	892.539
20.062040816	894.291
20.067845805	895.347
20.073650794	895.005
20.079455782	894.47
20.085260771	895.014
20.091065760	896.117
20.096870748	898.281
20.102675737	900.436
20.108480726	898.972
20.114285714	896.841
20.120090703	893.825
20.125895692	891.886
20.131700680	890.529
20.137505669	888.732
20.143310658	886.983
20.149115646	884.37
20.154920635	881.485
20.160725624	879.12
20.166530612	878.191
20.172335601	878.327
20.178140590	880.382
20.183945578	881.917
20.189750567	883.903
20.195555556	885.532
20.201360544	888.85
20.207165533	895.001
20.212970522	912
20.218775510	935.205
20.224580499	958.127
20.230385488	963.238
20.236190476	974.988
20.241995465	982.651
20.247800454	991.375
20.253605442	999.876
20.259410431	999.224
20.265215420	1003.64
20.271020408	1002.8
20.276825397	1001.36
20.282630385	998.508
20.288435374	994.985
20.294240363	992.986
20.300045351	987.026
20.305850340	987.153
20.311655329	980.219
20.317460317	978.615
20.323265306	977.154
20.329070295	971.893
20.334875283	973.393
20.340680272	972.74
20.346485261	977.272
20.352290249	984.277
20.358095238	983.695
20.363900227	983.416
20.369705215	982.016
20.375510204	979.111
20.381315193	979.713
20.387120181	983.764
20.392925170	993.962
20.398730159	999.22
20.404535147	1001.65
20.410340136	1004.63
20.416145125	1006.34
20.421950113	1007.09
20.427755102	1009.29
20.433560091	1010.44
20.439365079	1011.82
20.445170068	1013.78
20.450975057	1013.75
20.456780045	1010.77
20.462585034	1010.63
20.468390023	1014.77
20.474195011	1018.8
20.480000000	1024.29
20.485804989	1033.57
20.491609977	1036.52
20.497414966	1036.83
20.503219955	1040.41
20.509024943	1035.43
20.514829932	1033.94
20.520634921	1035.47
20.526439909	1034.9
20.532244898	1036.68
20.538049887	1038.42
20.543854875	1035.58
20.549659864	1031.29
20.555464853	1032.29
20.561269841	1033.32
20.567074830	1038.23
20.572879819	1042.51
20.578684807	1043.4
20.584489796	1044.84
20.590294785	1045.62
20.596099773	1046.62
20.601904762	1049.43
20.607709751	1052.97
20.613514739	1053.5
20.619319728	1055.42
20.625124717	1057.66
20.630929705	1056.33
20.636734694	1058.04
20.642539683	1060.06
20.648344671	1058.98
20.654149660	1061.47
20.659954649	1062.95
20.665759637	1063.61
20.671564626	1062.97
20.677369615	1063.62
20.683174603	1062.55
20.688979592	1061.63
20.694784580	1062.12
20.700589569	1061.79
20.706394558	1062
20.712199546	1060.52
20.718004535	1060.06
20.723809524	1058.93
20.729614512	1058.51
20.735419501	1053.05
20.741224490	1048.23
20.747029478	1036.91
20.752834467	1025.54
20.758639456	1015.58
20.764444444	1011.72
20.770249433	1005.22
20.776054422	1005.89
20.781859410	1007.55
20.787664399	1004.43
20.793469388	1007.5
20.799274376	1006.3
20.805079365	1003.09
20.810884354	1005.17
20.816689342	1002.04
20.822494331	1000.89
20.828299320	1001.02
20.834104308	998.974
20.839909297	999.366
20.845714286	997.073
20.851519274	996.006
20.857324263	995.467
20.863129252	992.494
20.868934240	992.729
20.874739229	991.67
20.880544218	989.817
20.886349206	990.776
20.892154195	989.857
20.897959184	991.164
20.903764172	991.658
20.909569161	992.282
20.915374150	994.967
20.921179138	995.092
20.926984127	994.751
20.932789116	996.753
20.938594104	996.99
20.944399093	996.437
20.950204082	997.707
20.956009070	997.433
20.961814059	996.014
20.967619048	996.597
20.973424036	995.529
20.979229025	995.404
20.985034014	995.488
20.990839002	995
20.996643991	995.693
21.002448980	994.366
21.008253968	996.474
21.014058957	995.41
21.019863946	994.683
21.025668934	994.306
21.031473923	990.694
21.037278912	991.23
21.043083900	990.153
21.048888889	990.667
21.054693878	991.477
21.060498866	990.493
21.066303855	991.355
21.072108844	989.164
21.077913832	988.306
21.083718821	987.994
21.089523810	987.401
21.095328798	987.741
21.101133787	987.389
21.106938776	988.094
21.112743764	989.117
21.118548753	988.774
21.124353741	991.188
21.130158730	990.59
21.135963719	991.323
21.141768707	992.591
21.147573696	990.157
21.153378685	992.001
21.159183673	990.658
21.164988662	989.703
21.170793651	991.648
21.176598639	989.385
21.182403628	986.135
21.188208617	984.913
21.194013605	984.011
21.199818594	984.705
21.205623583	988.363
21.211428571	988.104
21.217233560	988.912
21.223038549	987.516
21.228843537	988.329
21.234648526	988.744
21.240453515	991.133
21.246258503	999.208
21.252063492	1006.22
21.257868481	1026.78
21.263673469	0
21.269478458	0
21.275283447	0
21.281088435	0
21.286893424	0
21.292698413	0
21.298503401	0
21.304308390	812.809
21.310113379	797.547
21.315918367	794.49
21.321723356	793.139
21.327528345	792.134
21.333333333	792.04
21.339138322	791.746
21.344943311	791.511
21.350748299	791.705
21.356553288	791.088
21.362358277	790.91
21.368163265	790.926
21.373968254	789.892
21.379773243	790.123
21.385578231	789.528
21.391383220	788.832
21.397188209	788.841
21.402993197	787.371
21.408798186	786.982
21.414603175	787.386
21.420408163	787.242
21.426213152	786.699
21.432018141	786.343
21.437823129	784.527
21.443628118	784.002
21.449433107	786.186
21.455238095	785.901
21.461043084	786.669
21.466848073	786.749
21.472653061	787.855
21.478458050	789.249
21.484263039	789.938
21.490068027	790.891
21.495873016	791.259
21.501678005	791.871
21.507482993	792.428
21.513287982	792.852
21.519092971	792.83
21.524897959	793.049
21.530702948	793.317
21.536507937	793.393
21.542312925	793.55
21.548117914	792.944
21.553922902	792.313
21.559727891	791.801
21.565532880	791.417
21.571337868	790.92
21.577142857	790.288
21.582947846	789.12
21.588752834	787.763
21.594557823	786.214
21.600362812	784.287
21.606167800	782.659
21.611972789	781.804
21.617777778	782.126
21.623582766	782.634
21.629387755	783.449
21.635192744	784.48
21.640997732	785.147
21.646802721	787.355
21.652607710	788.546
21.658412698	787.279
21.664217687	786.964
21.670022676	787.163
21.675827664	787.567
21.681632653	788.431
21.687437642	789.368
21.693242630	790.079
21.699047619	790.886
21.704852608	791.138
21.710657596	791.063
21.716462585	790.849
21.722267574	790.252
21.728072562	789.709
21.733877551	789.387
21.739682540	789.003
21.745487528	788.61
21.751292517	788.093
21.757097506	787.153
21.762902494	786.562
21.768707483	786.139
21.774512472	786.21
21.780317460	786.523
21.786122449	786.803
21.791927438	787.154
21.797732426	787.769
21.803537415	794.706
21.809342404	808.241
21.815147392	838.573
21.820952381	861.094
21.826757370	869.213
21.832562358	874.229
21.838367347	880.053
21.844172336	879.798
21.849977324	885.276
21.855782313	884.086
21.861587302	886.742
21.867392290	885.861
21.873197279	885.682
21.879002268	886.607
21.884807256	884.337
21.890612245	886.352
21.896417234	884.058
21.902222222	885.08
21.908027211	883.321
21.913832200	883.587
21.919637188	881.856
21.925442177	881.182
21.931247166	880.167
21.937052154	878.597
21.942857143	877.661
21.948662132	875.972
21.954467120	874.976
21.960272109	875.425
21.966077098	875.569
21.971882086	877.588
21.977687075	878.491
21.983492063	880.227
21.989297052	881.572
21.995102041	882.36
22.000907029	885.149
22.006712018	884.581
22.012517007	889.06
22.018321995	888.385
22.024126984	891.362
22.029931973	893.337
22.035736961	891.378
22.041541950	895.346
22.047346939	893.831
22.053151927	893.58
22.058956916	896.803
22.064761905	893.904
22.070566893	895.288
22.076371882	895.409
22.082176871	893.011
22.087981859	893.511
22.093786848	890.827
22.099591837	889.387
22.105396825	886.627
22.111201814	883.861
22.117006803	880.726
22.122811791	878.009
22.128616780	876.132
22.134421769	874.84
22.140226757	874.682
22.146031746	874.17
22.151836735	874.19
22.157641723	872.748
22.163446712	873.096
22.169251701	875.716
22.175056689	878.662
22.180861678	881.811
22.186666667	882.478
22.192471655	884.361
22.198276644	885.211
22.204081633	886.203
22.209886621	888.046
22.215691610	888.558
22.221496599	891.07
22.227301587	892.173
22.233106576	893.056
22.238911565	894.113
22.244716553	891.822
22.250521542	891.192
22.256326531	889.608
22.262131519	889.131
22.267936508	888.303
22.273741497	887.814
22.279546485	887.421
22.285351474	886.37
22.291156463	886.028
22.296961451	885.028
22.302766440	885.034
22.308571429	884.045
22.314376417	883.983
22.320181406	882.87
22.325986395	882.355
22.331791383	881.605
22.337596372	880.935
22.343401361	881.929
22.349206349	885.931
22.355011338	898.871
22.360816327	918.537
22.366621315	940.039
22.372426304	946.713
22.378231293	949.905
22.384036281	947.315
22.389841270	946.692
22.395646259	951.134
22.401451247	959.868
22.407256236	967.423
22.413061224	974.53
22.418866213	980.549
22.424671202	978.832
22.430476190	982.088
22.436281179	987.096
22.442086168	984.771
22.447891156	988.436
22.453696145	989.461
22.459501134	986.595
22.465306122	990.007
22.471111111	987.01
22.476916100	985.826
22.482721088	984.636
22.488526077	983.838
22.494331066	981.844
22.500136054	981.364
22.505941043	981.318
22.511746032	979.679
22.517551020	982.551
22.523356009	982.74
22.529160998	986.634
22.534965986	985.111
22.540770975	986.908
22.546575964	984.875
22.552380952	983.864
22.558185941	986.593
22.563990930	983.271
22.569795918	987.445
22.575600907	985.873
22.581405896	985.119
22.587210884	989.082
22.593015873	986.218
22.598820862	987.568
22.604625850	989.963
22.610430839	987.415
22.616235828	990.072
22.622040816	997.446
22.627845805	1008.67
22.633650794	1021.98
22.639455782	1032.63
22.645260771	1036.58
22.651065760	1037.44
22.656870748	1038.66
22.662675737	1036.71
22.668480726	1038.31
22.674285714	1033.81
22.680090703	1031.83
22.685895692	1031.69
22.691700680	1027.45
22.697505669	1031.09
22.703310658	1029.12
22.709115646	1028.57
22.714920635	1027.68
22.720725624	1027.88
22.726530612	1028.13
22.732335601	1028.06
22.738140590	1034.26
22.743945578	1032.79
22.749750567	1034.56
22.755555556	1037.79
22.761360544	1036.92
22.767165533	1039.31
22.772970522	1043.96
22.778775510	1043.58
22.784580499	1047.14
22.790385488	1052.12
22.796190476	1051.97
22.801995465	1055.64
22.807800454	1057.63
22.813605442	1056.77
22.819410431	1058.55
22.825215420	1058.08
22.831020408	1057.76
22.836825397	1058.54
22.842630385	1057.4
22.848435374	1056.18
22.854240363	1054.91
22.860045351	1051.77
22.865850340	1046.47
22.871655329	1050.45
22.877460317	1050.57
22.883265306	1055.9
22.889070295	1060.64
22.894875283	1052.68
22.900680272	1053.03
22.906485261	1032.63
22.912290249	1026.65
22.918095238	1021.11
22.923900227	1017.58
22.929705215	1014.92
22.935510204	1009.91
22.941315193	1008.59
22.947120181	1009.05
22.952925170	1009.06
22.958730159	1007.93
22.964535147	1008.9
22.970340136	1009.62
22.976145125	1006.93
22.981950113	1005.06
22.987755102	1004.64
22.993560091	1001.65
22.999365079	998.513
23.005170068	998.171
23.010975057	996.013
23.016780045	992.155
23.022585034	992.415
23.028390023	990.87
23.034195011	987.331
23.040000000	986.345
23.045804989	985.753
23.051609977	985.644
23.057414966	987.577
23.063219955	988.746
23.069024943	988.97
23.074829932	990.326
23.080634921	991.704
23.086439909	994.358
23.092244898	995.791
23.098049887	995.5
23.103854875	995.892
23.109659864	995.819
23.115464853	994.903
23.121269841	996.536
23.127074830	996.402
23.132879819	996.111
23.138684807	998.217
23.144489796	998.279
23.150294785	999.438
23.156099773	1001.74
23.161904762	1001.78
23.167709751	1003.84
23.173514739	1004.22
23.179319728	1003.42
23.185124717	1002.95
23.190929705	1000.8
23.196734694	999.423
23.202539683	997.32
23.208344671	994.12
23.214149660	991.483
23.219954649	988.982
23.225759637	987.863
23.231564626	987.363
23.237369615	986.761
23.243174603	987.158
23.248979592	987.805
23.254784580	988.575
23.260589569	989.653
23.266394558	989.392
23.272199546	989.672
23.278004535	991.538
23.283809524	992.939
23.289614512	994.181
23.295419501	994.206
23.301224490	995.259
23.307029478	995.046
23.312834467	995.121
23.318639456	996.54
23.324444444	996.772
23.330249433	998.016
23.336054422	1000.14
23.341859410	1000.89
23.347664399	1002.09
23.353469388	1003.84
23.359274376	1002.62
23.365079365	1000.82
23.370884354	998.382
23.376689342	996.591
23.382494331	995.118
23.388299320	993.743
23.394104308	992.25
23.399909297	990.646
23.405714286	990.424
23.411519274	990.209
23.417324263	989.993
23.423129252	990.656
23.428934240	991.22
23.434739229	991.742
23.440544218	991.583
23.446349206	990.713
23.446349206	990.713
23.452154195	998.535
23.457959184	981.612
23.463764172	968.993
23.469569161	947.153
23.475374150	922.402
23.481179138	906.893
23.486984127	898.897
23.492789116	898.008
23.498594104	893.823
23.504399093	896.85
23.510204082	895.866
23.516009070	895.663
23.521814059	896.883
23.527619048	893.983
23.533424036	893.287
23.539229025	893.341
23.545034014	891.95
23.550839002	893.045
23.556643991	891.897
23.562448980	890.866
23.568253968	891.521
23.574058957	887.674
23.579863946	888.575
23.585668934	886.603
23.591473923	883.584
23.597278912	885.201
23.603083900	882.682
23.608888889	881.427
23.614693878	881.836
23.620498866	878.454
23.626303855	875.876
23.632108844	878.093
23.637913832	880.401
23.643718821	881.478
23.649523810	883.72
23.655328798	883.954
23.661133787	885.032
23.666938776	886.072
23.672743764	885.758
23.678548753	887.722
23.684353741	887.997
23.690158730	889.229
23.695963719	891.52
23.701768707	891.115
23.707573696	893.869
23.713378685	892.935
23.719183673	892.711
23.724988662	893.112
23.730793651	890.549
23.736598639	891.008
23.742403628	890.138
23.748208617	888.803
23.754013605	889.193
23.759818594	888.1
23.765623583	886.647
23.771428571	886.683
23.777233560	884.829
23.783038549	883.824
23.788843537	884.081
23.794648526	882.207
23.800453515	881.541
23.806258503	881.579
23.812063492	878.661
23.817868481	878.334
23.823673469	879.835
23.829478458	881.446
23.835283447	881.654
23.841088435	883.577
23.846893424	885.139
23.852698413	884.945
23.858503401	886.455
23.864308390	887.063
23.870113379	886.765
23.875918367	887.937
23.881723356	887.86
23.887528345	887.729
23.893333333	888.165
23.899138322	887.128
23.904943311	886.466
23.910748299	886.243
23.916553288	885.212
23.922358277	884.638
23.928163265	884.165
23.933968254	882.964
23.939773243	882.576
23.945578231	882.511
23.951383220	881.844
23.957188209	884.188
23.962993197	883.935
23.968798186	883.727
23.974603175	884.288
23.980408163	883.693
23.986213152	885.308
23.992018141	884.763
23.997823129	884.876
24.003628118	888.808