1.097142857	230.209
1.102947846	229.533
1.108752834	228.451
1.114557823	229.095
1.120362812	231.568
1.126167800	234.334
1.131972789	236.679
1.137777778	237.867
1.143582766	239.235
1.149387755	239.52
1.155192744	240.228
1.160997732	241.751
1.166802721	242.327
1.172607710	243.082
1.178412698	243.642
1.184217687	243.983
1.190022676	245.015
1.195827664	246.116
1.201632653	246.982
1.207437642	247.665
1.213242630	248.212
1.219047619	249.595
1.224852608	250.925
1.230657596	252.445
1.236462585	253.001
1.242267574	253.309
1.248072562	252.916
1.253877551	252.483
1.259682540	252.272
1.265487528	251.911
1.271292517	251.573
1.277097506	251.427
1.282902494	250.694
1.288707483	249.67
1.294512472	247.863
1.300317460	246.05
1.306122449	245.353
1.311927438	249.042
1.317732426	250.886
1.323537415	252.098
1.329342404	251.949
1.335147392	251.785
1.340952381	251.985
1.346757370	251.705
1.352562358	250.469
1.358367347	0
1.364172336	0
1.369977324	0
1.375782313	308.673
1.381587302	310.152
1.387392290	307.811
1.393197279	309.289
1.399002268	310.76
1.404807256	312.871
1.410612245	316.177
1.416417234	317.71
1.422222222	319.446
1.428027211	320.32
1.433832200	321.27
1.439637188	321.783
1.445442177	321.349
1.451247166	319.953
1.457052154	316.963
1.462857143	313.17
1.468662132	308.775
1.474467120	305.032
1.480272109	301.55
1.486077098	298.918
1.491882086	298.158
1.497687075	297.453
1.503492063	297.632
1.509297052	297.947
1.515102041	297.707
1.520907029	298.607
1.526712018	298.125
1.532517007	298.168
1.538321995	298.441
1.544126984	297.49
1.549931973	297.465
1.555736961	296.948
1.561541950	296.286
1.567346939	296.148
1.573151927	295.695
1.578956916	295.445
1.584761905	295.124
1.590566893	294.539
1.596371882	294.073
1.602176871	293.561
1.607981859	292.928
1.613786848	292.408
1.619591837	292.014
1.625396825	291.823
1.631201814	291.406
1.637006803	291.556
1.642811791	291.758
1.648616780	291.79
1.654421769	292.339
1.660226757	292.416
1.666031746	292.398
1.671836735	292.554
1.677641723	292.369
1.683446712	292.201
1.689251701	292.37
1.695056689	292.688
1.700861678	293.219
1.706666667	293.646
1.712471655	293.882
1.718276644	294.17
1.724081633	294.181
1.729886621	294.341
1.735691610	294.328
1.741496599	294.062
1.747301587	294.065
1.753106576	293.914
1.758911565	293.953
1.764716553	294.16
1.770521542	294.225
1.776326531	294.283
1.782131519	293.979
1.787936508	293.42
1.793741497	292.383
1.799546485	291.397
1.805351474	289.907
1.811156463	286.775
1.816961451	285.553
1.822766440	288.291
1.828571429	289.999
1.834376417	292.546
1.840181406	293.868
1.845986395	293.445
1.851791383	293.343
1.857596372	293.65
1.863401361	293.808
1.869206349	294.165
1.875011338	294.142
1.880816327	293.569
1.886621315	294.078
1.892426304	293.845
1.898231293	294.092
1.904036281	0
1.909841270	0
1.915646259	0
1.921451247	0
1.927256236	0
1.933061224	0
1.938866213	0
1.944671202	249.707
1.950476190	248.468
1.956281179	246.175
1.962086168	247.703
1.967891156	247.922
1.973696145	248.957
1.979501134	248.837
1.985306122	246.924
1.991111111	237.844
1.996916100	0
2.002721088	0
2.008526077	0
2.014331066	0
2.020136054	0
2.025941043	0
2.031746032	0
2.037551020	0
2.043356009	0
2.049160998	0
2.054965986	0
2.060770975	285.428
2.066575964	295.493
2.072380952	297.483
2.078185941	297.355
2.083990930	297.394
2.089795918	297.17
2.095600907	296.878
2.101405896	296.725
2.107210884	296.333
2.113015873	296.346
2.118820862	295.938
2.124625850	295.369
2.130430839	294.838
2.136235828	294.026
2.142040816	293.08
2.147845805	292.27
2.153650794	291.571
2.159455782	290.729
2.165260771	290.543
2.171065760	290.375
2.176870748	290.355
2.182675737	291.02
2.188480726	291.41
2.194285714	291.763
2.200090703	292.349
2.205895692	292.456
2.211700680	292.434
2.217505669	292.514
2.223310658	292.243
2.229115646	292.294
2.234920635	292.869
2.240725624	293.515
2.246530612	294.202
2.252335601	295.055
2.258140590	296.262
2.263945578	296.888
2.269750567	297.332
2.275555556	297.741
2.281360544	297.828
2.287165533	298.617
2.292970522	298.866
2.298775510	298.901
2.304580499	298.873
2.310385488	298.482
2.316190476	298.317
2.321995465	298.009
2.327800454	297.604
2.333605442	296.975
2.339410431	296.486
2.345215420	296.107
2.351020408	295.857
2.356825397	295.812
2.362630385	295.418
2.368435374	295.275
2.374240363	295.192
2.380045351	295.477
2.385850340	295.674
2.391655329	295.605
2.397460317	295.608
2.403265306	295.42
2.409070295	294.97
2.414875283	294.956
2.420680272	294.427
2.426485261	293.885
2.432290249	293.767
2.438095238	293.27
2.443900227	292.922
2.449705215	292.806
2.455510204	292.504
2.461315193	292.494
2.467120181	292.585
2.472925170	292.49
2.478730159	292.694
2.484535147	292.526
2.490340136	292.282
2.496145125	292.036
2.501950113	291.747
2.507755102	291.337
2.513560091	291.092
2.519365079	290.808
2.525170068	289.906
2.530975057	289.873
2.536780045	290.796
2.542585034	292.274
2.548390023	294.17
2.554195011	296.188
2.560000000	298.621
2.565804989	301.321
2.571609977	303.694
2.577414966	307.257
2.583219955	311.413
2.589024943	314.941
2.594829932	317.851
2.600634921	321.084
2.606439909	324.25
2.612244898	327.237
2.618049887	330.044
2.623854875	332.723
2.629659864	335.567
2.635464853	337.666
2.641269841	339.832
2.647074830	340.831
2.652879819	340.637
2.658684807	339.713
2.664489796	338.2
2.670294785	335.938
2.676099773	332.748
2.681904762	329.644
2.687709751	326.733
2.693514739	324.612
2.699319728	322.864
2.705124717	322.183
2.710929705	322.683
2.716734694	323.761
2.722539683	324.927
2.728344671	326.033
2.734149660	327.419
2.739954649	328.621
2.745759637	330.083
2.751564626	331.933
2.757369615	333.786
2.763174603	335.288
2.768979592	336.428
2.774784580	337.606
2.780589569	338.1
2.786394558	337.857
2.792199546	333.887
2.798004535	329.128
2.803809524	322.89
2.809614512	316.117
2.815419501	310.049
2.821224490	305.368
2.827029478	301.084
2.832834467	292.397
2.838639456	300.569
2.844444444	301.566
2.850249433	0
2.856054422	0
2.861859410	0
2.867664399	0
2.873469388	0
2.879274376	0
2.885079365	0
2.890884354	0
2.896689342	0
2.902494331	0
2.908299320	0
2.914104308	0
2.919909297	0
2.925714286	0
2.931519274	0
2.937324263	0
2.943129252	0
2.948934240	0
2.954739229	0
2.960544218	0
2.966349206	0
2.972154195	0
2.977959184	0
2.983764172	0
2.989569161	0
2.995374150	0
3.001179138	0
3.006984127	0
3.012789116	0
3.018594104	0
3.024399093	0
3.030204082	0
3.036009070	0
3.041814059	0
3.047619048	0
3.053424036	0
3.059229025	0
3.065034014	0
3.070839002	0
3.076643991	0
3.082448980	0
3.088253968	0
3.094058957	0
3.099863946	0
3.105668934	0
3.111473923	0
3.117278912	0
3.123083900	0
3.128888889	0
3.134693878	0
3.140498866	0
3.146303855	0
3.152108844	0
3.157913832	0
3.163718821	0
3.169523810	0
3.175328798	0
3.181133787	0
3.186938776	0
3.192743764	0
3.198548753	0
3.204353741	0
3.210158730	0
3.215963719	0
3.221768707	0
3.227573696	0
3.233378685	0
3.239183673	0
3.244988662	0
3.250793651	0
3.256598639	0
3.262403628	0
3.268208617	0
3.274013605	0
3.279818594	240.36
3.285623583	237.888
3.291428571	236.982
3.297233560	235.994
3.303038549	234.483
3.308843537	231.902
3.314648526	230.564
3.320453515	229.932
3.326258503	0
3.332063492	251.39
3.337868481	251.873
3.343673469	251.727
3.349478458	251.804
3.355283447	252.084
3.361088435	251.636
3.366893424	250.766
3.372698413	249.423
3.378503401	248.028
3.384308390	246.559
3.390113379	244.458
3.395918367	242.363
3.401723356	240.308
3.407528345	238.782
3.413333333	237.503
3.419138322	236.212
3.424943311	233.667
3.430748299	229.696
3.436553288	226.238
3.442358277	223.033
3.448163265	221.453
3.453968254	220.328
3.459773243	219.346
3.465578231	218.309
3.471383220	218.154
3.477188209	218.573
3.482993197	219.998
3.488798186	224.031
3.494603175	226.174
3.500408163	226.514
3.506213152	225.703
3.512018141	224.883
3.517823129	224.736
3.523628118	224.792
3.529433107	224.569
3.535238095	223.874
3.541043084	222.198
3.546848073	219.895
3.552653061	218.08
3.558458050	216.548
3.564263039	214.263
3.570068027	212.471
3.575873016	209.837
3.581678005	209.211
3.587482993	201.433
3.593287982	196.552
3.599092971	194.696
3.604897959	193.619
3.610702948	192.25
3.616507937	190.671
3.622312925	188.995
3.628117914	187.524
3.633922902	186.751
3.639727891	186.528
3.645532880	186.771
3.651337868	187.064
3.657142857	187.739
3.662947846	189.001
3.668752834	190.477
3.674557823	192.159
3.680362812	194.213
3.686167800	196.346
3.691972789	197.663
3.697777778	198.267
3.703582766	197.723
3.709387755	196.698
3.715192744	195.586
3.720997732	194.307
3.726802721	192.605
3.732607710	191.428
3.738412698	190.235
3.744217687	189.246
3.750022676	188.391
3.755827664	187.526
3.761632653	187.158
3.767437642	186.852
3.773242630	186.863
3.779047619	187.4
3.784852608	188.358
3.790657596	189.986
3.796462585	192.202
3.802267574	195.215
3.808072562	199.218
3.813877551	204.035
3.819682540	213.863
3.825487528	217.123
3.831292517	218.736
3.837097506	219.17
3.842902494	219.196
3.848707483	217.216
3.854512472	0
3.860317460	0
3.866122449	0
3.871927438	0
3.877732426	0
3.883537415	0
3.889342404	0
3.895147392	0
3.900952381	0
3.906757370	0
3.912562358	0
3.918367347	0
3.924172336	0
3.929977324	0
3.935782313	0
3.941587302	0
3.947392290	0
3.953197279	0
3.959002268	0
3.964807256	0
3.970612245	0
3.976417234	0
3.982222222	0
3.988027211	0
3.993832200	0
3.999637188	0
4.005442177	0
4.011247166	0
4.017052154	0
4.022857143	0
4.028662132	0
4.034467120	0
4.040272109	0
4.046077098	0
4.051882086	0
4.057687075	0
4.063492063	0
4.069297052	228.656
4.075102041	237.944
4.080907029	237.396
4.086712018	237.778
4.092517007	238.876
4.098321995	238.866
4.104126984	238.746
4.109931973	237.945
4.115736961	231.428
4.121541950	222.988
4.127346939	216.826
4.133151927	0
4.138956916	0
4.144761905	0
4.150566893	0
4.156371882	0
4.162176871	0
4.167981859	0
4.173786848	0
4.179591837	0
4.185396825	0
4.191201814	0
4.197006803	0
4.202811791	0
4.208616780	0
4.214421769	0
4.220226757	0
4.226031746	0
4.231836735	0
4.237641723	0
4.243446712	0
4.249251701	0
4.255056689	204.119
4.260861678	202.787
4.266666667	201.74
4.272471655	200.09
4.278276644	197.672
4.284081633	195.25
4.289886621	192.962
4.295691610	191.189
4.301496599	189.661
4.307301587	188.434
4.313106576	187.496
4.318911565	186.893
4.324716553	186.548
4.330521542	186.135
4.336326531	185.594
4.342131519	184.961
4.347936508	184.153
4.353741497	183.431
4.359546485	182.805
4.365351474	182.325
4.371156463	182.17
4.376961451	182.277
4.382766440	182.737
4.388571429	183.563
4.394376417	184.641
4.400181406	185.742
4.405986395	186.482
4.411791383	186.875
4.417596372	186.985
4.423401361	187.143
4.429206349	187.687
4.435011338	189.539
4.440816327	195.526
4.446621315	197.413
4.452426304	198.106
4.458231293	198.32
4.464036281	198.424
4.469841270	197.995
4.475646259	196.98
4.481451247	196.105
4.487256236	194.396
4.493061224	191.642
4.498866213	187.679
4.504671202	186.001
4.510476190	185.731
4.516281179	188.005
4.522086168	189.865
4.527891156	190.996
4.533696145	191.565
4.539501134	192.214
4.545306122	193.228
4.551111111	194.146
4.556916100	195.117
4.562721088	195.684
4.568526077	196.446
4.574331066	197.146
4.580136054	197.333
4.585941043	197.018
4.591746032	196.487
4.597551020	196.129
4.603356009	196.24
4.609160998	197.086
4.614965986	197.926
4.620770975	198.321
4.626575964	198.509
4.632380952	198.56
4.638185941	198.887
4.643990930	199.424
4.649795918	199.74
4.655600907	199.52
4.661405896	199.195
4.667210884	198.595
4.673015873	197.8
4.678820862	196.456
4.684625850	194.4
4.690430839	192.337
4.696235828	190.118
4.702040816	187.76
4.707845805	185.99
4.713650794	184.745
4.719455782	183.605
4.725260771	182.964
4.731065760	182.567
4.736870748	182.291
4.742675737	182.97
4.748480726	183.438
4.754285714	184.356
4.760090703	186.636
4.765895692	189.355
4.771700680	192.232
4.777505669	195.285
4.783310658	197.824
4.789115646	199.797
4.794920635	201.315
4.800725624	202.872
4.806530612	203.668
4.812335601	203.663
4.818140590	203.118
4.823945578	201.995
4.829750567	200.292
4.835555556	198.426
4.841360544	196.298
4.847165533	193.919
4.852970522	190.983
4.858775510	187.996
4.864580499	185.479
4.870385488	183.76
4.876190476	183.424
4.881995465	183.323
4.887800454	184.042
4.893605442	185.483
4.899410431	186.415
4.905215420	187.522
4.911020408	188.143
4.916825397	189.481
4.922630385	193.551
4.928435374	196.062
4.934240363	198.221
4.940045351	200.418
4.945850340	203.276
4.951655329	207.184
4.957460317	209.396
4.963265306	209.309
4.969070295	208.341
4.974875283	205.419
4.980680272	199.665
4.986485261	194.626
4.992290249	189.296
4.998095238	187.111
5.003900227	187.35
5.009705215	186.66
5.015510204	189.027
5.021315193	190.593
5.027120181	193.399
5.032925170	194.131
5.038730159	197.131
5.044535147	201.21
5.050340136	201.981
5.056145125	198.146
5.061950113	0
5.067755102	0
5.073560091	0
5.079365079	0
5.085170068	0
5.090975057	0
5.096780045	0
5.102585034	0
5.108390023	0
5.114195011	0
5.120000000	0
5.125804989	0
5.131609977	0
5.137414966	0
5.143219955	0
5.149024943	0
5.154829932	0
5.160634921	0
5.166439909	0
5.172244898	0
5.178049887	0
5.183854875	0
5.189659864	0
5.195464853	0
5.201269841	0
5.207074830	0
5.212879819	0
5.218684807	0
5.224489796	0
5.230294785	0
5.236099773	0
5.241904762	0
5.247709751	0
5.253514739	0
5.259319728	0
5.265124717	0
5.270929705	0
5.276734694	0
5.282539683	0
5.288344671	0
5.294149660	0
5.299954649	0
5.305759637	0
5.311564626	0
5.317369615	0
5.323174603	0
5.328979592	0
5.334784580	0
5.340589569	0
5.346394558	0
5.352199546	0
5.358004535	0
5.363809524	0
5.369614512	0
5.375419501	0
5.381224490	0
5.387029478	0
5.392834467	0
5.398639456	197.309
5.404444444	199.996
5.410249433	201.988
5.416054422	203.341
5.421859410	208.068
5.427664399	207.911
5.433469388	206.644
5.439274376	205.344
5.445079365	204.293
5.450884354	204.434
5.456689342	204.279
5.462494331	203.306
5.468299320	202.246
5.474104308	201.255
5.479909297	200.678
5.485714286	199.993
5.491519274	199.115
5.497324263	198.307
5.503129252	197.294
5.508934240	196.538
5.514739229	196.143
5.520544218	195.825
5.526349206	195.435
5.532154195	194.781
5.537959184	194.625
5.543764172	194.865
5.549569161	195.49
5.555374150	196.254
5.561179138	196.784
5.566984127	197.179
5.572789116	197.474
5.578594104	197.79
5.584399093	197.835
5.590204082	197.757
5.596009070	197.779
5.601814059	197.822
5.607619048	197.85
5.613424036	197.562
5.619229025	197.05
5.625034014	196.277
5.630839002	195.405
5.636643991	194.383
5.642448980	193.418
5.648253968	192.553
5.654058957	191.95
5.659863946	191.861
5.665668934	192.257
5.671473923	193.161
5.677278912	193.915
5.683083900	194.409
5.688888889	194.98
5.694693878	195.339
5.700498866	195.343
5.706303855	195.133
5.712108844	194.854
5.717913832	194.479
5.723718821	194.067
5.729523810	193.766
5.735328798	193.341
5.741133787	193.346
5.746938776	193.639
5.752743764	193.859
5.758548753	193.902
5.764353741	193.81
5.770158730	193.725
5.775963719	193.599
5.781768707	193.809
5.787573696	193.979
5.793378685	193.885
5.799183673	194.115
5.804988662	194.326
5.810793651	194.57
5.816598639	195.014
5.822403628	195.221
5.828208617	195.456
5.834013605	195.658
5.839818594	195.59
5.845623583	195.819
5.851428571	195.718
5.857233560	195.368
5.863038549	194.96
5.868843537	194.555
5.874648526	194.697
5.880453515	194.97
5.886258503	195.296
5.892063492	195.632
5.897868481	195.788
5.903673469	196.149
5.909478458	196.605
5.915283447	197.121
5.921088435	197.578
5.926893424	197.817
5.932698413	197.823
5.938503401	197.462
5.944308390	196.744
5.950113379	195.606
5.955918367	194.287
5.961723356	193.092
5.967528345	189.516
5.973333333	187.698
5.979138322	191.479
5.984943311	197.563
5.990748299	201.166
5.996553288	202.781
6.002358277	202.828
6.008163265	202.233
6.013968254	201.366
6.019773243	200.401
6.025578231	199.571
6.031383220	198.99
6.037188209	198.366
6.042993197	197.57
6.048798186	196.772
6.054603175	195.98
6.060408163	195.388
6.066213152	194.982
6.072018141	194.622
6.077823129	194.43
6.083628118	194.486
6.089433107	194.601
6.095238095	195.01
6.101043084	195.277
6.106848073	195.238
6.112653061	195.477
6.118458050	195.596
6.124263039	195.819
6.130068027	196.167
6.135873016	196.479
6.141678005	196.629
6.147482993	196.8
6.153287982	196.862
6.159092971	196.919
6.164897959	197.097
6.170702948	197.114
6.176507937	197.004
6.182312925	196.683
6.188117914	196.265
6.193922902	196.041
6.199727891	196.013
6.205532880	203.119
6.211337868	213.345
6.217142857	217.719
6.222947846	218.035
6.228752834	219.357
6.234557823	224.573
6.240362812	224.463
6.246167800	224.804
6.251972789	226.366
6.257777778	229.79
6.263582766	237.022
6.269387755	239.348
6.275192744	240.641
6.280997732	239.287
6.286802721	236.958
6.292607710	230.02
6.298412698	222.99
6.304217687	214.258
6.310022676	217.516
6.315827664	0
6.321632653	0
6.327437642	0
6.333242630	0
6.339047619	0
6.344852608	0
6.350657596	0
6.356462585	0
6.362267574	0
6.368072562	0
6.373877551	0
6.379682540	0
6.385487528	0
6.391292517	0
6.397097506	0
6.402902494	0
6.408707483	0
6.414512472	0
6.420317460	0
6.426122449	0
6.431927438	0
6.437732426	0
6.443537415	0
6.449342404	213.061
6.455147392	212.503
6.460952381	212.79
6.466757370	211.983
6.472562358	212.148
6.478367347	211.718
6.484172336	210.767
6.489977324	209.712
6.495782313	206.377
6.501587302	203.681
6.507392290	201.692
6.513197279	200.026
6.519002268	198.534
6.524807256	197.118
6.530612245	196.074
6.536417234	195.441
6.542222222	195.778
6.548027211	196.702
6.553832200	197.765
6.559637188	198.632
6.565442177	199.165
6.571247166	199.433
6.577052154	199.48
6.582857143	199.224
6.588662132	199.067
6.594467120	198.759
6.600272109	198.641
6.606077098	198.787
6.611882086	198.957
6.617687075	199.059
6.623492063	198.685
6.629297052	198.028
6.635102041	197.383
6.640907029	196.413
6.646712018	195.246
6.652517007	194.425
6.658321995	194.083
6.664126984	194.346
6.669931973	194.871
6.675736961	195.163
6.681541950	195.146
6.687346939	195.173
6.693151927	195.683
6.698956916	196.654
6.704761905	197.435
6.710566893	197.821
6.716371882	197.884
6.722176871	197.981
6.727981859	198.391
6.733786848	198.589
6.739591837	198.595
6.745396825	198.272
6.751201814	197.857
6.757006803	197.411
6.762811791	196.964
6.768616780	196.526
6.774421769	196.027
6.780226757	195.884
6.786031746	195.784
6.791836735	195.332
6.797641723	195.101
6.803446712	194.658
6.809251701	194.113
6.815056689	194.307
6.820861678	194.331
6.826666667	193.588
6.832471655	192.72
6.838276644	191.79
6.844081633	190.741
6.849886621	189.799
6.855691610	188.402
6.861496599	186.952
6.867301587	184.762
6.873106576	182.948
6.878911565	180.572
6.884716553	176.077
6.890521542	170.435
6.896326531	166.253
6.902131519	164.388
6.907936508	162.938
6.913741497	157.341
6.919546485	156.726
6.925351474	0
6.931156463	140.878
6.936961451	140.662
6.942766440	140.167
6.948571429	143.365
6.954376417	145.967
6.960181406	147.708
6.965986395	148.337
6.971791383	149.518
6.977596372	148.791
6.983401361	147.906
6.989206349	146.743
6.995011338	145.353
7.000816327	143.023
7.006621315	141.594
7.012426304	141.294
7.018231293	141.322
7.024036281	140.359
7.029841270	139.924
7.035646259	139.594
7.041451247	138.83
7.047256236	141.163
7.053061224	141.453
7.058866213	141.491
7.064671202	144.388
7.070476190	144.453
7.076281179	144.589
7.082086168	144.073
7.087891156	142.776
7.093696145	143.063
7.099501134	143.548
7.105306122	143.364
7.111111111	143.939
7.116916100	144.724
7.122721088	145.244
7.128526077	147.525
7.134331066	149.346
7.140136054	150.345
7.145941043	151.113
7.151746032	151.691
7.157551020	151.931
7.163356009	152.256
7.169160998	152.043
7.174965986	151.776
7.180770975	151.233
7.186575964	150.574
7.192380952	149.701
7.198185941	149.121
7.203990930	148.401
7.209795918	147.943
7.215600907	147.614
7.221405896	147.203
7.227210884	147.282
7.233015873	147.1
7.238820862	146.804
7.244625850	146.575
7.250430839	146.326
7.256235828	146.378
7.262040816	146.582
7.267845805	146.87
7.273650794	147.334
7.279455782	147.113
7.285260771	146.958
7.291065760	146.821
7.296870748	146.602
7.302675737	146.57
7.308480726	147.004
7.314285714	148.12
7.320090703	148.641
7.325895692	149.255
7.331700680	149.449
7.337505669	149.248
7.343310658	149.103
7.349115646	148.621
7.354920635	148.215
7.360725624	147.86
7.366530612	147.314
7.372335601	146.869
7.378140590	146.372
7.383945578	145.948
7.389750567	145.991
7.395555556	145.727
7.401360544	145.445
7.407165533	145.105
7.412970522	144.566
7.418775510	144.272
7.424580499	144.278
7.430385488	145.919
7.436190476	146.021
7.441995465	146.16
7.447800454	146.388
7.453605442	145.577
7.459410431	145.905
7.465215420	146.66
7.471020408	147.107
7.476825397	147.019
7.482630385	147.482
7.488435374	145.87
7.494240363	0
7.500045351	0
7.505850340	0
7.511655329	0
7.517460317	0
7.523265306	0
7.529070295	0
7.534875283	0
7.540680272	0
7.546485261	0
7.552290249	0
7.558095238	0
7.563900227	0
7.569705215	0
7.575510204	0
7.581315193	0
7.587120181	0
7.592925170	0
7.598730159	0
7.604535147	0
7.610340136	0
7.616145125	0
7.621950113	0
7.627755102	0
7.633560091	0
7.639365079	0
7.645170068	0
7.650975057	0
7.656780045	0
7.662585034	0
7.668390023	0
7.674195011	157.324
7.680000000	157.92
7.685804989	166.732
7.691609977	168.378
7.697414966	170.329
7.703219955	180.624
7.709024943	181.752
7.714829932	181.792
7.720634921	181.779
7.726439909	181.878
7.732244898	181.604
7.738049887	181.504
7.743854875	182.143
7.749659864	182.952
7.755464853	183.854
7.761269841	184.742
7.767074830	185.402
7.772879819	186.197
7.778684807	187.201
7.784489796	188.215
7.790294785	188.895
7.796099773	189.387
7.801904762	189.558
7.807709751	189.641
7.813514739	189.789
7.819319728	189.799
7.825124717	189.938
7.830929705	190.225
7.836734694	190.807
7.842539683	191.119
7.848344671	191.033
7.854149660	190.301
7.859954649	189.298
7.865759637	188.678
7.871564626	188.209
7.877369615	187.82
7.883174603	187.42
7.888979592	186.957
7.894784580	186.265
7.900589569	187.046
7.906394558	190.938
7.912199546	193.892
7.918004535	193.686
7.923809524	193.609
7.929614512	194.236
7.935419501	195.016
7.941224490	196.408
7.947029478	198.442
7.952834467	199.24
7.958639456	198.522
7.964444444	197.94
7.970249433	197.021
7.976054422	196.268
7.981859410	195.292
7.987664399	194.493
7.993469388	193.645
7.999274376	192.995
8.005079365	192.378
8.010884354	191.919
8.016689342	191.533
8.022494331	190.903
8.028299320	190.071
8.034104308	189.149
8.039909297	188.359
8.045714286	187.725
8.051519274	187.565
8.057324263	187.562
8.063129252	187.615
8.068934240	187.798
8.074739229	188.361
8.080544218	189.608
8.086349206	191.546
8.092154195	194.255
8.097959184	196.171
8.103764172	196.756
8.109569161	196.461
8.115374150	196.203
8.121179138	196.958
8.126984127	196.856
8.132789116	196.219
8.138594104	195.27
8.144399093	194.088
8.150204082	193.995
8.156009070	194.175
8.161814059	194.654
8.167619048	195.272
8.173424036	195.968
8.179229025	196.159
8.185034014	195.744
8.190839002	195.335
8.196643991	195.198
8.202448980	195.224
8.208253968	195.375
8.214058957	195.788
8.219863946	196.501
8.225668934	197.303
8.231473923	198.058
8.237278912	198.072
8.243083900	197.737
8.248888889	197.25
8.254693878	196.642
8.260498866	196.092
8.266303855	195.928
8.272108844	195.931
8.277913832	195.855
8.283718821	195.629
8.289523810	195.305
8.295328798	194.925
8.301133787	194.639
8.306938776	194.524
8.312743764	194.399
8.318548753	194.327
8.324353741	194.144
8.330158730	194
8.335963719	193.974
8.341768707	194.002
8.347573696	193.836
8.353378685	194.389
8.359183673	195.683
8.364988662	199.389
8.370793651	203.069
8.376598639	203.407
8.382403628	202.664
8.388208617	201.981
8.394013605	201.126
8.399818594	202.264
8.405623583	201.748
8.411428571	200.549
8.417233560	201.454
8.423038549	202.601
8.428843537	209.448
8.434648526	214.124
8.440453515	217.115
8.446258503	220.141
8.452063492	223.337
8.457868481	225.915
8.463673469	228.407
8.469478458	231.116
8.475283447	233.197
8.481088435	233.461
8.486893424	233.386
8.492698413	231.812
8.498503401	228.334
8.504308390	223.385
8.510113379	218.13
8.515918367	213.245
8.521723356	207.965
8.527528345	205.48
8.533333333	201.693
8.539138322	0
8.544943311	0
8.550748299	0
8.556553288	0
8.562358277	0
8.568163265	0
8.573968254	0
8.579773243	0
8.585578231	0
8.591383220	0
8.597188209	0
8.602993197	0
8.608798186	0
8.614603175	197.642
8.620408163	197.54
8.626213152	198.456
8.632018141	200.779
8.637823129	205.479
8.643628118	209.126
8.649433107	210.854
8.655238095	212.126
8.661043084	213.743
8.666848073	214.877
8.672653061	216.038
8.678458050	216.036
8.684263039	215.217
8.690068027	213.833
8.695873016	212.138
8.701678005	210.772
8.707482993	208.33
8.713287982	205.413
8.719092971	202.594
8.724897959	199.539
8.730702948	197.833
8.736507937	196.974
8.742312925	196.42
8.748117914	196.004
8.753922902	195.209
8.759727891	195.033
8.765532880	195.06
8.771337868	195.497
8.777142857	195.802
8.782947846	195.571
8.788752834	196.101
8.794557823	196.786
8.800362812	197.295
8.806167800	197.684
8.811972789	197.637
8.817777778	197.235
8.823582766	196.608
8.829387755	195.971
8.835192744	195.598
8.840997732	195.232
8.846802721	195.213
8.852607710	195.43
8.858412698	195.605
8.864217687	195.99
8.870022676	196.059
8.875827664	195.747
8.881632653	195.634
8.887437642	195.682
8.893242630	195.709
8.899047619	195.816
8.904852608	195.536
8.910657596	195.015
8.916462585	194.749
8.922267574	194.383
8.928072562	193.963
8.933877551	193.417
8.939682540	192.744
8.945487528	191.932
8.951292517	191.452
8.957097506	191.05
8.962902494	190.394
8.968707483	189.21
8.974512472	187.882
8.980317460	185.611
8.986122449	183.335
8.991927438	181.426
8.997732426	179.118
9.003537415	176.8
9.009342404	174.399
9.015147392	170.625
9.020952381	167.194
9.026757370	165.363
9.032562358	163.881
9.038367347	161.019
9.044172336	161.116
9.049977324	158.29
9.055782313	155.468
9.061587302	153.859
9.067392290	152.498
9.073197279	152.831
9.079002268	151.373
9.084807256	150.724
9.090612245	150.109
9.096417234	149.758
9.102222222	149.378
9.108027211	148.752
9.113832200	147.872
9.119637188	146.037
9.125442177	144.242
9.131247166	144.027
9.137052154	143.363
9.142857143	143.189
9.148662132	143.356
9.154467120	143.115
9.160272109	145.025
9.166077098	145.368
9.171882086	145.577
9.177687075	145.652
9.183492063	145.211
9.189297052	145.154
9.195102041	144.923
9.200907029	144.985
9.206712018	144.972
9.212517007	145.092
9.218321995	145.25
9.224126984	145.099
9.229931973	145.301
9.235736961	145.517
9.241541950	145.415
9.247346939	145.342
9.253151927	145.644
9.258956916	145.998
9.264761905	146.935
9.270566893	148.826
9.276371882	149.908
9.282176871	149.587
9.287981859	148.99
9.293786848	148.306
9.299591837	147.138
9.305396825	146.611
9.311201814	146.301
9.317006803	145.438
9.322811791	145.24
9.328616780	145.134
9.334421769	144.912
9.340226757	145.494
9.346031746	145.6
9.351836735	145.914
9.357641723	145.635
9.363446712	146.059
9.369251701	145.976
9.375056689	145.864
9.380861678	146.214
9.386666667	145.499
9.392471655	146.318
9.398276644	147.034
9.404081633	147.56
9.409886621	148.793
9.415691610	149.37
9.421496599	149.954
9.427301587	149.723
9.433106576	147.968
9.438911565	146.141
9.444716553	143.86
9.450521542	139.825
9.456326531	136.4
9.462131519	135.631
9.467936508	138.178
9.473741497	142.823
9.479546485	146.621
9.485351474	147.362
9.491156463	147.414
9.496961451	148.732
9.502766440	148.336
9.508571429	148.369
9.514376417	0
9.520181406	0
9.525986395	0
9.531791383	0
9.537596372	0
9.543401361	0
9.549206349	0
9.555011338	0
9.560816327	0
9.566621315	0
9.572426304	0
9.578231293	0
9.584036281	0
9.589841270	0
9.595646259	0
9.601451247	0
9.607256236	0
9.613061224	0
9.618866213	0
9.624671202	0
9.630476190	0
9.636281179	0
9.642086168	0
9.647891156	0
9.653696145	0
9.659501134	0
9.665306122	0
9.671111111	0
9.676916100	0
9.682721088	0
9.688526077	0
9.694331066	0
9.700136054	0
9.705941043	0
9.711746032	0
9.717551020	0
9.723356009	0
9.729160998	0
9.734965986	0
9.740770975	0
9.746575964	0
9.752380952	0
9.758185941	0
9.763990930	0
9.769795918	0
9.775600907	0
9.781405896	0
9.787210884	0
9.793015873	0
9.798820862	0
9.804625850	0
9.810430839	0
9.816235828	0
9.822040816	0
9.827845805	0
9.833650794	0
9.839455782	226.419
9.845260771	230.251
9.851065760	234.736
9.856870748	237.553
9.862675737	242.139
9.868480726	246.642
9.874285714	252.206
9.880090703	256.788
9.885895692	260.875
9.891700680	262.855
9.897505669	264.005
9.903310658	264.559
9.909115646	264.817
9.914920635	264.776
9.920725624	264.703
9.926530612	263.844
9.932335601	262.607
9.938140590	260.917
9.943945578	258.084
9.949750567	256.376
9.955555556	253.536
9.961360544	251.612
9.967165533	250.294
9.972970522	250.456
9.978775510	251.288
9.984580499	251.741
9.990385488	251.794
9.996190476	251.512
10.001995465	251.723
10.007800454	252.818
10.013605442	253.693
10.019410431	254.206
10.025215420	254.061
10.031020408	254.552
10.036825397	255.716
10.042630385	256.834
10.048435374	257.234
10.054240363	258.632
10.060045351	259.32
10.065850340	260.466
10.071655329	261.127
10.077460317	259.287
10.083265306	257.365
10.089070295	254.835
10.094875283	253.466
10.100680272	251.058
10.106485261	246.516
10.112290249	245.804
10.118095238	242.951
10.123900227	245.268
10.129705215	249.495
10.135510204	258.413
10.141315193	263.297
10.147120181	270.463
10.152925170	275.722
10.158730159	281.297
10.164535147	287.281
10.170340136	291.528
10.176145125	295.51
10.181950113	297.752
10.187755102	298.316
10.193560091	298.18
10.199365079	297.047
10.205170068	295.54
10.210975057	293.51
10.216780045	291.591
10.222585034	289.141
10.228390023	286.709
10.234195011	285.049
10.240000000	284.758
10.245804989	284.73
10.251609977	284.917
10.257414966	285.805
10.263219955	286.681
10.269024943	287.742
10.274829932	288.946
10.280634921	290.198
10.286439909	291.233
10.292244898	292.185
10.298049887	292.948
10.303854875	293.627
10.309659864	293.952
10.315464853	294.52
10.321269841	294.868
10.327074830	295.077
10.332879819	295.37
10.338684807	295.399
10.344489796	295.714
10.350294785	295.724
10.356099773	295.63
10.361904762	295.577
10.367709751	295.414
10.373514739	295.127
10.379319728	295.045
10.385124717	294.91
10.390929705	294.768
10.396734694	294.807
10.402539683	294.529
10.408344671	294.321
10.414149660	294.042
10.419954649	293.827
10.425759637	293.68
10.431564626	293.72
10.437369615	293.975
10.443174603	294.207
10.448979592	294.692
10.454784580	295.342
10.460589569	295.944
10.466394558	296.62
10.472199546	296.974
10.478004535	297.603
10.483809524	297.863
10.489614512	298.015
10.495419501	298.459
10.501224490	298.442
10.507029478	298.695
10.512834467	298.664
10.518639456	298.336
10.524444444	298.395
10.530249433	298.121
10.536054422	297.71
10.541859410	297.116
10.547664399	296.347
10.553469388	295.922
10.559274376	295.06
10.565079365	294.607
10.570884354	293.982
10.576689342	293.623
10.582494331	293.41
10.588299320	293.19
10.594104308	293.258
10.599909297	293.246
10.605714286	293.384
10.611519274	293.339
10.617324263	292.987
10.623129252	291.901
10.628934240	291.251
10.634739229	290.229
10.640544218	286.399
10.646349206	283.138
10.652154195	276.481
10.657959184	268.326
10.663764172	262.247
10.669569161	260.782
10.675374150	252.912
10.681179138	249.51
10.686984127	246.075
10.692789116	244.324
10.698594104	244.411
10.704399093	246.152
10.710204082	247.839
10.716009070	251.035
10.721814059	252.693
10.727619048	254.801
10.733424036	255.359
10.739229025	255.524
10.745034014	255.753
10.750839002	254.242
10.756643991	252.971
10.762448980	239.994
10.768253968	0
10.774058957	0
10.779863946	0
10.785668934	0
10.791473923	0
10.797278912	254.632
10.803083900	253.865
10.808888889	254.853
10.814693878	254.971
10.820498866	255.579
10.826303855	257.359
10.832108844	256.155
10.837913832	255.891
10.843718821	253.343
10.849523810	252.149
10.855328798	254.596
10.861133787	254.893
10.866938776	0
10.872743764	0
10.878548753	0
10.884353741	0
10.890158730	0
10.895963719	0
10.901768707	0
10.907573696	306.774
10.913378685	299.758
10.919183673	298.645
10.924988662	297.665
10.930793651	297.416
10.936598639	297.136
10.942403628	296.358
10.948208617	295.995
10.954013605	295.264
10.959818594	294.051
10.965623583	292.914
10.971428571	291.759
10.977233560	290.672
10.983038549	289.773
10.988843537	288.817
10.994648526	288.583
11.000453515	289.428
11.006258503	290.536
11.012063492	291.822
11.017868481	292.783
11.023673469	293.056
11.029478458	292.372
11.035283447	290.487
11.041088435	286.611
11.046893424	283.505
11.052698413	274.364
11.058503401	269.997
11.064308390	267.285
11.070113379	264.761
11.075918367	263.788
11.081723356	263.07
11.087528345	260.959
11.093333333	257.812
11.099138322	251.935
11.104943311	243.449
11.110748299	240.948
11.116553288	242.183
11.122358277	250.857
11.128163265	265.856
11.133968254	281.022
11.139773243	284.212
11.145578231	285.61
11.151383220	286.756
11.157188209	289.816
11.162993197	293.796
11.168798186	294.955
11.174603175	295.67
11.180408163	296.218
11.186213152	296.344
11.192018141	296.61
11.197823129	296.959
11.203628118	297.203
11.209433107	297.407
11.215238095	297.199
11.221043084	296.704
11.226848073	295.81
11.232653061	294.755
11.238458050	293.661
11.244263039	292.668
11.250068027	292.061
11.255873016	291.907
11.261678005	292.245
11.267482993	293.137
11.273287982	294.458
11.279092971	296.254
11.284897959	298.065
11.290702948	299.405
11.296507937	300.733
11.302312925	302.303
11.308117914	304.217
11.313922902	307.01
11.319727891	310.521
11.325532880	314.965
11.331337868	318.996
11.337142857	321.854
11.342947846	324.07
11.348752834	326.406
11.354557823	328.348
11.360362812	329.905
11.366167800	331.164
11.371972789	331.406
11.377777778	331.724
11.383582766	331.869
11.389387755	331.576
11.395192744	331.624
11.400997732	331.485
11.406802721	331.268
11.412607710	331.454
11.418412698	331.847
11.424217687	331.593
11.430022676	331.552
11.435827664	330.799
11.441632653	330.108
11.447437642	329.67
11.453242630	328.966
11.459047619	328.888
11.464852608	328.509
11.470657596	328.695
11.476462585	329.277
11.482267574	329.526
11.488072562	329.81
11.493877551	330.055
11.499682540	330.221
11.505487528	330.442
11.511292517	330.695
11.517097506	330.715
11.522902494	330.825
11.528707483	330.819
11.534512472	330.781
11.540317460	330.797
11.546122449	330.916
11.551927438	331.131
11.557732426	331.328
11.563537415	331.476
11.569342404	331.48
11.575147392	331.358
11.580952381	331.182
11.586757370	330.813
11.592562358	330.486
11.598367347	330.249
11.604172336	330.085
11.609977324	330.437
11.615782313	330.714
11.621587302	331.142
11.627392290	332.25
11.633197279	334.174
11.639002268	340.775
11.644807256	354.234
11.650612245	0
11.656417234	0
11.662222222	0
11.668027211	0
11.673832200	0
11.679637188	0
11.685442177	331.036
11.691247166	330.459
11.697052154	331.629
11.702857143	331.762
11.708662132	332.05
11.714467120	332.18
11.720272109	332.176
11.726077098	333.899
11.731882086	0
11.737687075	0
11.743492063	0
11.749297052	0
11.755102041	248.806
11.760907029	246.618
11.766712018	243.542
11.772517007	239.467
11.778321995	234.411
11.784126984	228.893
11.789931973	222.802
11.795736961	0
11.801541950	0
11.807346939	0
11.813151927	0
11.818956916	0
11.824761905	0
11.830566893	0
11.836371882	0
11.842176871	0
11.847981859	0
11.853786848	0
11.859591837	0
11.865396825	0
11.871201814	0
11.877006803	0
11.882811791	0
11.888616780	0
11.894421769	0
11.900226757	207.799
11.906031746	207.897
11.911836735	207.943
11.917641723	205.406
11.923446712	203.444
11.929251701	199.767
11.935056689	197.261
11.940861678	195.88
11.946666667	196.114
11.952471655	197.78
11.958276644	198.597
11.964081633	200.669
11.969886621	202.406
11.975691610	203.912
11.981496599	206.033
11.987301587	210.406
11.993106576	0
11.998911565	224.05
12.004716553	225.131
12.010521542	227.123
12.016326531	227.4
12.022131519	227.459
12.027936508	227.51
12.033741497	226.827
12.039546485	226.228
12.045351474	225.484
12.051156463	224.865
12.056961451	224.286
12.062766440	224.053
12.068571429	223.992
12.074376417	224.067
12.080181406	224.803
12.085986395	226.231
12.091791383	227.835
12.097596372	229.84
12.103401361	232.111
12.109206349	233.761
12.115011338	235.436
12.120816327	236.672
12.126621315	237.636
12.132426304	237.825
12.138231293	237.936
12.144036281	237.955
12.149841270	238.06
12.155646259	238.924
12.161451247	239.182
12.167256236	238.851
12.173061224	237.296
12.178866213	234.641
12.184671202	231.278
12.190476190	229.095
12.196281179	226.625
12.202086168	224.673
12.207891156	223.483
12.213696145	222.737
12.219501134	221.929
12.225306122	221.925
12.231111111	222.775
12.236916100	223.847
12.242721088	224.943
12.248526077	225.791
12.254331066	226.337
12.260136054	226.378
12.265941043	226.066
12.271746032	225.089
12.277551020	222.31
12.283356009	220.327
12.289160998	218.556
12.294965986	217.083
12.300770975	215.678
12.306575964	213.734
12.312380952	212.891
12.318185941	209.515
12.323990930	205.955
12.329795918	203.563
12.335600907	198.657
12.341405896	196.285
12.347210884	194.369
12.353015873	194.644
12.358820862	194.187
12.364625850	194.081
12.370430839	194.572
12.376235828	195.007
12.382040816	196.08
12.387845805	197.138
12.393650794	197.642
12.399455782	197.663
12.405260771	196.504
12.411065760	195.487
12.416870748	194.616
12.422675737	193.643
12.428480726	192.96
12.434285714	191.627
12.440090703	190.448
12.445895692	188.945
12.451700680	187.173
12.457505669	185.77
12.463310658	184.779
12.469115646	183.784
12.474920635	182.722
12.480725624	181.695
12.486530612	180.994
12.492335601	177.98
12.498140590	179.006
12.503945578	0
12.509750567	0
12.515555556	0
12.521360544	0
12.527165533	0
12.532970522	0
12.538775510	0
12.544580499	0
12.550385488	0
12.556190476	0
12.561995465	0
12.567800454	0
12.573605442	0
12.579410431	0
12.585215420	0
12.591020408	0
12.596825397	0
12.602630385	0
12.608435374	0
12.614240363	0
12.620045351	0
12.625850340	0
12.631655329	0
12.637460317	0
12.643265306	0
12.649070295	0
12.654875283	196.663
12.660680272	194.308
12.666485261	194.254
12.672290249	194.056
12.678095238	194
12.683900227	194.262
12.689705215	194.509
12.695510204	194.628
12.701315193	194.369
12.707120181	193.904
12.712925170	193.219
12.718730159	192.531
12.724535147	191.774
12.730340136	191.047
12.736145125	190.178
12.741950113	189.477
12.747755102	189
12.753560091	188.655
12.759365079	188.64
12.765170068	189.101
12.770975057	189.566
12.776780045	190.11
12.782585034	190.773
12.788390023	191.532
12.794195011	192.393
12.800000000	193.385
12.805804989	194.295
12.811609977	195.003
12.817414966	0
12.823219955	0
12.829024943	222.587
12.834829932	219.692
12.840634921	217.206
12.846439909	216.749
12.852244898	216.977
12.858049887	217.251
12.863854875	217.674
12.869659864	218.149
12.875464853	220.091
12.881269841	221.967
12.887074830	224.238
12.892879819	226.026
12.898684807	227.509
12.904489796	228.447
12.910294785	228.578
12.916099773	228.174
12.921904762	227.513
12.927709751	226.367
12.933514739	224.359
12.939319728	222.252
12.945124717	220.839
12.950929705	219.149
12.956734694	217.678
12.962539683	215.948
12.968344671	213.711
12.974149660	209.742
12.979954649	204.567
12.985759637	211.169
12.991564626	219.561
12.997369615	222.595
13.003174603	227.071
13.008979592	229.505
13.014784580	243.209
13.020589569	242.976
13.026394558	243.461
13.032199546	242.517
13.038004535	241.659
13.043809524	240.826
13.049614512	239.451
13.055419501	238.43
13.061224490	237.994
13.067029478	237.758
13.072834467	237.5
13.078639456	236.759
13.084444444	235.802
13.090249433	234.635
13.096054422	233.479
13.101859410	232.957
13.107664399	233.531
13.113469388	235.353
13.119274376	238.628
13.125079365	241.782
13.130884354	244.038
13.136689342	248.051
13.142494331	250.301
13.148299320	252.787
13.154104308	253.817
13.159909297	254.871
13.165714286	256.023
13.171519274	256.909
13.177324263	257.886
13.183129252	258.517
13.188934240	258.902
13.194739229	259.056
13.200544218	259.089
13.206349206	258.968
13.212154195	258.581
13.217959184	257.98
13.223764172	257.058
13.229569161	255.837
13.235374150	254.564
13.241179138	253.759
13.246984127	252.74
13.252789116	252.246
13.258594104	251.31
13.264399093	250.832
13.270204082	250.222
13.276009070	249.791
13.281814059	249.274
13.287619048	249.008
13.293424036	248.801
13.299229025	248.747
13.305034014	248.732
13.310839002	248.74
13.316643991	248.634
13.322448980	248.66
13.328253968	248.619
13.334058957	248.642
13.339863946	249.24
13.345668934	250.074
13.351473923	250.773
13.357278912	251.515
13.363083900	251.534
13.368888889	248.738
13.374693878	242.456
13.380498866	238.015
13.386303855	231.359
13.392108844	232.397
13.397913832	246.182
13.403718821	247.329
13.409523810	248.764
13.415328798	249.27
13.421133787	249.533
13.426938776	250.298
13.432743764	250.989
13.438548753	250.888
13.444353741	248.84
13.450158730	247.523
13.455963719	0
13.461768707	0
13.467573696	0
13.473378685	0
13.479183673	185.926
13.484988662	186.927
13.490793651	187.536
13.496598639	187.3
13.502403628	187.942
13.508208617	188.768
13.514013605	199.69
13.519818594	197.908
13.525623583	196.712
13.531428571	195.548
13.537233560	194.883
13.543038549	194.546
13.548843537	194.005
13.554648526	192.75
13.560453515	190.048
13.566258503	186.308
13.572063492	184.199
13.577868481	182.787
13.583673469	181.544
13.589478458	180.594
13.595283447	180.148
13.601088435	180.065
13.606893424	180.7
13.612698413	181.618
13.618503401	183.298
13.624308390	185.438
13.630113379	187.167
13.635918367	188.313
13.641723356	189.711
13.647528345	191.385
13.653333333	192.965
13.659138322	194.163
13.664943311	194.848
13.670748299	195.565
13.676553288	196.043
13.682358277	196.405
13.688163265	196.68
13.693968254	196.784
13.699773243	197.042
13.705578231	197.433
13.711383220	197.694
13.717188209	197.895
13.722993197	197.983
13.728798186	197.641
13.734603175	196.968
13.740408163	196.025
13.746213152	195.257
13.752018141	194.449
13.757823129	193.799
13.763628118	193.441
13.769433107	193.163
13.775238095	193.378
13.781043084	193.974
13.786848073	194.618
13.792653061	195.147
13.798458050	196.014
13.804263039	197.025
13.810068027	198.114
13.815873016	199.35
13.821678005	199.973
13.827482993	200.276
13.833287982	200.008
13.839092971	199.039
13.844897959	197.751
13.850702948	195.168
13.856507937	192.306
13.862312925	187.517
13.868117914	189.54
13.873922902	191.929
13.879727891	193.612
13.885532880	195.714
13.891337868	197.367
13.897142857	197.794
13.902947846	198.085
13.908752834	197.894
13.914557823	197.972
13.920362812	197.346
13.926167800	196.754
13.931972789	196.935
13.937777778	0
13.943582766	0
13.949387755	0
13.955192744	0
13.960997732	0
13.966802721	0
13.972607710	0
13.978412698	0
13.984217687	0
13.990022676	0
13.995827664	0
14.001632653	0
14.007437642	0
14.013242630	0
14.019047619	0
14.024852608	0
14.030657596	0
14.036462585	0
14.042267574	0
14.048072562	0
14.053877551	0
14.059682540	0
14.065487528	0
14.071292517	0
14.077097506	0
14.082902494	0
14.088707483	0
14.094512472	0
14.100317460	0
14.106122449	0
14.111927438	0
14.117732426	0
14.123537415	0
14.129342404	0
14.135147392	0
14.140952381	0
14.146757370	0
14.152562358	0
14.158367347	0
14.164172336	0
14.169977324	0
14.175782313	0
14.181587302	201.979
14.187392290	204.395
14.193197279	204.652
14.199002268	206.18
14.204807256	205.413
14.210612245	194.754
14.216417234	193.589
14.222222222	192.344
14.228027211	192.167
14.233832200	191.343
14.239637188	190.603
14.245442177	189.746
14.251247166	188.617
14.257052154	187.904
14.262857143	187.249
14.268662132	186.84
14.274467120	186.572
14.280272109	185.909
14.286077098	185.246
14.291882086	184.17
14.297687075	181.476
14.303492063	178.441
14.309297052	0
14.315102041	0
14.320907029	0
14.326712018	189.508
14.332517007	188.979
14.338321995	188.371
14.344126984	187.678
14.349931973	186.888
14.355736961	186.085
14.361541950	186.01
14.367346939	186.072
14.373151927	186.012
14.378956916	186.837
14.384761905	0
14.390566893	0
14.396371882	0
14.402176871	0
14.407981859	0
14.413786848	0
14.419591837	0
14.425396825	0
14.431201814	0
14.437006803	0
14.442811791	197.514
14.448616780	199.226
14.454421769	207.018
14.460226757	207.664
14.466031746	209.512
14.471836735	209.825
14.477641723	210.469
14.483446712	211.09
14.489251701	211.581
14.495056689	211.027
14.500861678	209.506
14.506666667	207.151
14.512471655	204.944
14.518276644	202.542
14.524081633	200.852
14.529886621	199.445
14.535691610	198.326
14.541496599	197.331
14.547301587	196.28
14.553106576	195.276
14.558911565	194.6
14.564716553	193.879
14.570521542	193.168
14.576326531	192.433
14.582131519	191.504
14.587936508	192.466
14.593741497	194.943
14.599546485	196.668
14.605351474	197.182
14.611156463	197.525
14.616961451	197.787
14.622766440	198.31
14.628571429	198.852
14.634376417	199.215
14.640181406	200.016
14.645986395	200.661
14.651791383	200.7
14.657596372	200.865
14.663401361	200.729
14.669206349	200.14
14.675011338	199.673
14.680816327	198.877
14.686621315	197.175
14.692426304	195.868
14.698231293	194.782
14.704036281	193.266
14.709841270	194.663
14.715646259	194.007
14.721451247	193.109
14.727256236	191.68
14.733061224	192.729
14.738866213	193.195
14.744671202	193.249
14.750476190	193.824
14.756281179	193.413
14.762086168	192.575
14.767891156	191.83
14.773696145	190.858
14.779501134	189.612
14.785306122	188.362
14.791111111	187.339
14.796916100	186.935
14.802721088	186.461
14.808526077	186.085
14.814331066	185.765
14.820136054	185.504
14.825941043	185.576
14.831746032	185.897
14.837551020	187.052
14.843356009	189.062
14.849160998	196.886
14.854965986	200.771
14.860770975	200.014
14.866575964	200.097
14.872380952	199.54
14.878185941	199.385
14.883990930	199.643
14.889795918	199.118
14.895600907	198.422
14.901405896	198.068
14.907210884	198.175
14.913015873	199.263
14.918820862	200.705
14.924625850	200.957
14.930430839	200.605
14.936235828	199.948
14.942040816	198.917
14.947845805	197.596
14.953650794	196.326
14.959455782	195.706
14.965260771	197.002
14.971065760	200.761
14.976870748	205.129
14.982675737	208.767
14.988480726	212.493
14.994285714	214.571
15.000090703	217.101
15.005895692	221.44
15.011700680	227.591
15.017505669	229.932
15.023310658	230.844
15.029115646	231.724
15.034920635	0
15.040725624	210.877
15.046530612	199.873
15.052335601	204.982
15.058140590	203.629
15.063945578	205.215
15.069750567	207.218
15.075555556	208.018
15.081360544	213.713
15.087165533	0
15.092970522	0
15.098775510	0
15.104580499	0
15.110385488	0
15.116190476	0
15.121995465	0
15.127800454	0
15.133605442	0
15.139410431	0
15.145215420	0
15.151020408	0
15.156825397	0
15.162630385	0
15.168435374	0
15.174240363	0
15.180045351	0
15.185850340	0
15.191655329	198.696
15.197460317	193.361
15.203265306	186.64
15.209070295	183.727
15.214875283	181.771
15.220680272	180.92
15.226485261	180.375
15.232290249	180.104
15.238095238	180.077
15.243900227	179.895
15.249705215	179.789
15.255510204	179.921
15.261315193	180.175
15.267120181	180.728
15.272925170	181.425
15.278730159	182.368
15.284535147	183.57
15.290340136	184.856
15.296145125	185.78
15.301950113	186.44
15.307755102	187.048
15.313560091	187.532
15.319365079	187.992
15.325170068	188.62
15.330975057	189.073
15.336780045	189.327
15.342585034	189.566
15.348390023	189.648
15.354195011	189.727
15.360000000	189.828
15.365804989	189.757
15.371609977	189.734
15.377414966	189.791
15.383219955	189.878
15.389024943	190.251
15.394829932	190.685
15.400634921	191.204
15.406439909	191.757
15.412244898	192.104
15.418049887	192.625
15.423854875	193.082
15.429659864	193.332
15.435464853	193.413
15.441269841	192.894
15.447074830	192.264
15.452879819	191.354
15.458684807	190.553
15.464489796	190.063
15.470294785	189.605
15.476099773	189.055
15.481904762	188.639
15.487709751	188.124
15.493514739	187.773
15.499319728	187.68
15.505124717	188.021
15.510929705	188.988
15.516734694	189.839
15.522539683	190.753
15.528344671	191.621
15.534149660	192.588
15.539954649	193.978
15.545759637	195.225
15.551564626	196.103
15.557369615	196.352
15.563174603	195.482
15.568979592	193.997
15.574784580	192.466
15.580589569	189.809
15.586394558	187.589
15.592199546	185.752
15.598004535	183.277
15.603809524	180.021
15.609614512	173.357
15.615419501	168.786
15.621224490	162.496
15.627029478	158.595
15.632834467	149.671
15.638639456	146.459
15.644444444	145.411
15.650249433	144.072
15.656054422	143.063
15.661859410	143.017
15.667664399	143.13
15.673469388	143.527
15.679274376	146.855
15.685079365	148.725
15.690884354	149.033
15.696689342	149.135
15.702494331	149.231
15.708299320	148.996
15.714104308	148.614
15.719909297	148.212
15.725714286	147.445
15.731519274	146.994
15.737324263	146.655
15.743129252	146.14
15.748934240	145.517
15.754739229	144.582
15.760544218	142.526
15.766349206	139.453
15.772154195	139.405
15.777959184	139.876
15.783764172	141.13
15.789569161	143.337
15.795374150	145.407
15.801179138	146.136
15.806984127	146.944
15.812789116	147.462
15.818594104	147.629
15.824399093	148.444
15.830204082	148.516
15.836009070	149.222
15.841814059	149.403
15.847619048	150.005
15.853424036	150.154
15.859229025	150.013
15.865034014	150.128
15.870839002	149.638
15.876643991	149.073
15.882448980	149.059
15.888253968	148.348
15.894058957	147.12
15.899863946	146.26
15.905668934	143.483
15.911473923	144.949
15.917278912	0
15.923083900	0
15.928888889	0
15.934693878	0
15.940498866	0
15.946303855	0
15.952108844	0
15.957913832	0
15.963718821	0
15.969523810	0
15.975328798	0
15.981133787	0
15.986938776	0
15.992743764	0
15.998548753	0
16.004353741	0
16.010158730	0
16.015963719	0
16.021768707	0
16.027573696	0
16.033378685	0
16.039183673	0
16.044988662	0
16.050793651	0
16.056598639	0
16.062403628	0
16.068208617	0
16.074013605	0
16.079818594	0
16.085623583	0
16.091428571	0
16.097233560	0
16.103038549	0
16.108843537	0
16.114648526	0
16.120453515	0
16.126258503	0
16.132063492	0
16.137868481	0
16.143673469	0
16.149478458	0
16.155283447	0
16.161088435	0
16.166893424	0
16.172698413	0
16.178503401	0
16.184308390	0
16.190113379	0
16.195918367	0
16.201723356	0
16.207528345	0
16.213333333	0
16.219138322	0
16.224943311	0
16.230748299	0
16.236553288	0
16.242358277	0
16.248163265	0
16.253968254	0
16.259773243	0
16.265578231	0
16.271383220	0
16.277188209	0
16.282993197	0
16.288798186	0
16.294603175	0
16.300408163	0
16.306213152	0
16.312018141	0
16.317823129	0
16.323628118	0
16.329433107	0
16.335238095	0
16.341043084	0
16.346848073	0
16.352653061	0
16.358458050	0
16.364263039	0
16.370068027	0
16.375873016	0
16.381678005	0
16.387482993	196.293
16.393287982	198.955
16.399092971	198.351
16.404897959	196.931
16.410702948	194.367
16.416507937	192.989
16.422312925	191.467
16.428117914	189.917
16.433922902	188.95
16.439727891	187.959
16.445532880	186.848
16.451337868	185.949
16.457142857	185.25
16.462947846	184.575
16.468752834	183.769
16.474557823	182.864
16.480362812	182.027
16.486167800	181.662
16.491972789	181.357
16.497777778	181.37
16.503582766	181.453
16.509387755	181.39
16.515192744	181.837
16.520997732	182.227
16.526802721	182.662
16.532607710	183.195
16.538412698	183.709
16.544217687	184.084
16.550022676	184.415
16.555827664	184.928
16.561632653	185.408
16.567437642	185.797
16.573242630	186.39
16.579047619	186.76
16.584852608	186.92
16.590657596	187.276
16.596462585	187.045
16.602267574	185.604
16.608072562	184.154
16.613877551	183.649
16.619682540	183.523
16.625487528	183.656
16.631292517	183.598
16.637097506	184.297
16.642902494	0
16.648707483	205.792
16.654512472	211.18
16.660317460	211.266
16.666122449	211.007
16.671927438	210.256
16.677732426	208.735
16.683537415	206.226
16.689342404	204.424
16.695147392	202.851
16.700952381	201.371
16.706757370	199.777
16.712562358	198.86
16.718367347	198.27
16.724172336	197.826
16.729977324	197.608
16.735782313	197.646
16.741587302	197.746
16.747392290	197.617
16.753197279	197.323
16.759002268	196.743
16.764807256	196.124
16.770612245	195.967
16.776417234	196.057
16.782222222	196.342
16.788027211	196.571
16.793832200	196.772
16.799637188	197.186
16.805442177	197.922
16.811247166	198.705
16.817052154	199.277
16.822857143	199.428
16.828662132	198.764
16.834467120	197.717
16.840272109	196.983
16.846077098	196.314
16.851882086	196.08
16.857687075	196.146
16.863492063	196.437
16.869297052	196.958
16.875102041	197.043
16.880907029	197.14
16.886712018	195.78
16.892517007	192.314
16.898321995	190.594
16.904126984	190.123
16.909931973	189.975
16.915736961	190.18
16.921541950	190.663
16.927346939	191.074
16.933151927	191.503
16.938956916	191.805
16.944761905	192.139
16.950566893	192.446
16.956371882	192.946
16.962176871	193.316
16.967981859	193.246
16.973786848	192.973
16.979591837	192.551
16.985396825	192.296
16.991201814	192.174
16.997006803	192.16
17.002811791	192.294
17.008616780	192.661
17.014421769	193.34
17.020226757	194.122
17.026031746	195.047
17.031836735	195.852
17.037641723	196.356
17.043446712	196.911
17.049251701	197.31
17.055056689	197.832
17.060861678	198.36
17.066666667	198.923
17.072471655	199.291
17.078276644	199.401
17.084081633	199.178
17.089886621	198.615
17.095691610	197.79
17.101496599	196.486
17.107301587	195.254
17.113106576	194.717
17.118911565	196.155
17.124716553	196.563
17.130521542	196.763
17.136326531	197.414
17.142131519	197.464
17.147936508	197.795
17.153741497	198.122
17.159546485	198.449
17.165351474	198.601
17.171156463	0
17.176961451	0
17.182766440	0
17.188571429	245.192
17.194376417	244.597
17.200181406	244.205
17.205986395	244.547
17.211791383	244.269
17.217596372	244.41
17.223401361	244.934
17.229206349	0
17.235011338	218.541
17.240816327	215.859
17.246621315	211.555
17.252426304	205.436
17.258231293	199.443
17.264036281	195.278
17.269841270	0
17.275646259	0
17.281451247	0
17.287256236	0
17.293061224	0
17.298866213	0
17.304671202	0
17.310476190	0
17.316281179	0
17.322086168	194.598
17.327891156	194.067
17.333696145	193.411
17.339501134	193.099
17.345306122	192.127
17.351111111	191.51
17.356916100	190.82
17.362721088	190
17.368526077	189.032
17.374331066	188.058
17.380136054	187.028
17.385941043	186.436
17.391746032	186.121
17.397551020	185.868
17.403356009	185.714
17.409160998	185.589
17.414965986	185.19
17.420770975	185.045
17.426575964	185.277
17.432380952	185.488
17.438185941	186.131
17.443990930	186.868
17.449795918	187.468
17.455600907	188.297
17.461405896	189.221
17.467210884	190.134
17.473015873	191.276
17.478820862	192.128
17.484625850	192.701
17.490430839	192.873
17.496235828	192.665
17.502040816	191.962
17.507845805	190.878
17.513650794	189.816
17.519455782	188.94
17.525260771	188.092
17.531065760	187.228
17.536870748	186.609
17.542675737	186.38
17.548480726	186.184
17.554285714	185.95
17.560090703	185.757
17.565895692	185.645
17.571700680	185.845
17.577505669	186.31
17.583310658	186.764
17.589115646	186.869
17.594920635	186.699
17.600725624	186.479
17.606530612	186.188
17.612335601	186.074
17.618140590	186.064
17.623945578	185.518
17.629750567	184.736
17.635555556	183.556
17.641360544	181.826
17.647165533	180.265
17.652970522	178.451
17.658775510	177.374
17.664580499	177.107
17.670385488	175.444
17.676190476	174.145
17.681995465	168.684
17.687800454	160.901
17.693605442	159.776
17.699410431	159.076
17.705215420	156.813
17.711020408	152.671
17.716825397	151.601
17.722630385	153.158
17.728435374	153.837
17.734240363	155.828
17.740045351	155.398
17.745850340	153.487
17.751655329	151.568
17.757460317	150.446
17.763265306	149.651
17.769070295	148.285
17.774875283	147.345
17.780680272	146.631
17.786485261	146.065
17.792290249	145.607
17.798095238	145.087
17.803900227	144.022
17.809705215	143.256
17.815510204	142.314
17.821315193	142.365
17.827120181	142.293
17.832925170	142.293
17.838730159	142.747
17.844535147	142.612
17.850340136	142.235
17.856145125	142.589
17.861950113	143.153
17.867755102	143.609
17.873560091	145.901
17.879365079	146.578
17.885170068	147.449
17.890975057	148.203
17.896780045	148.02
17.902585034	148.606
17.908390023	148.322
17.914195011	146.808
17.920000000	146.436
17.925804989	145.831
17.931609977	145.305
17.937414966	145.648
17.943219955	144.856
17.949024943	144.203
17.954829932	140.541
17.960634921	139.738
17.966439909	139.798
17.972244898	139.505
17.978049887	0
17.983854875	0
17.989659864	0
17.995464853	0
18.001269841	0
18.007074830	0
18.012879819	0
18.018684807	0
18.024489796	0
18.030294785	0
18.036099773	0
18.041904762	0
18.047709751	0
18.053514739	0
18.059319728	0
18.065124717	0
18.070929705	0
18.076734694	0
18.082539683	0
18.088344671	0
18.094149660	0
18.099954649	0
18.105759637	0
18.111564626	0
18.117369615	0
18.123174603	0
18.128979592	0
18.134784580	0
18.140589569	0
18.146394558	0
18.152199546	0
18.158004535	0
18.163809524	0
18.169614512	0
18.175419501	0
18.181224490	0
18.187029478	0
18.192834467	0
18.198639456	0
18.204444444	0
18.210249433	0
18.216054422	0
18.221859410	0
18.227664399	0
18.233469388	0
18.239274376	0
18.245079365	0
18.250884354	0
18.256689342	0
18.262494331	0
18.268299320	0
18.274104308	0
18.279909297	0
18.285714286	0
18.291519274	0
18.297324263	0
18.303129252	0
18.308934240	0
18.314739229	0
18.320544218	0
18.326349206	0
18.332154195	0
18.337959184	0
18.343764172	0
18.349569161	0
18.355374150	0
18.361179138	0
18.366984127	0
18.372789116	0
18.378594104	0
18.384399093	0
18.390204082	0
18.396009070	0
18.401814059	0
18.407619048	0
18.413424036	0
18.419229025	0
18.425034014	0
18.430839002	0
18.436643991	0
18.442448980	0
18.448253968	0
18.454058957	0
18.459863946	0
18.465668934	0
18.471473923	0
18.477278912	0
18.483083900	0
18.488888889	0
18.494693878	0
18.500498866	0
18.506303855	0
18.512108844	0
18.517913832	0
18.523718821	0
18.529523810	0
18.535328798	0
18.541133787	0
18.546938776	0
18.552743764	0
18.558548753	0
18.564353741	0
18.570158730	0
18.575963719	0
18.581768707	0
18.587573696	0
18.593378685	0
18.599183673	0
18.604988662	0
18.610793651	0
18.616598639	0
18.622403628	0
18.628208617	0
18.634013605	0
18.639818594	0
18.645623583	0
18.651428571	0
18.657233560	0
18.663038549	0
18.668843537	0
18.674648526	0
18.680453515	0
18.686258503	0
18.692063492	0
18.697868481	0
18.703673469	0
18.709478458	0
18.715283447	0
18.721088435	0
18.726893424	0
18.732698413	0
18.738503401	0
18.744308390	0