0.725623583	142.502
0.731428571	141.865
0.737233560	142.164
0.743038549	142.598
0.748843537	143.029
0.754648526	143.343
0.760453515	143.996
0.766258503	144.618
0.772063492	145.057
0.777868481	145.355
0.783673469	145.558
0.789478458	145.688
0.795283447	145.676
0.801088435	145.627
0.806893424	145.694
0.812698413	145.708
0.818503401	145.705
0.824308390	145.734
0.830113379	145.783
0.835918367	145.801
0.841723356	145.745
0.847528345	145.62
0.853333333	145.453
0.859138322	145.351
0.864943311	145.347
0.870748299	145.441
0.876553288	145.627
0.882358277	145.888
0.888163265	146.146
0.893968254	146.387
0.899773243	146.308
0.905578231	146.22
0.911383220	146.194
0.917188209	145.903
0.922993197	145.911
0.928798186	145.793
0.934603175	145.842
0.940408163	145.943
0.946213152	145.861
0.952018141	145.954
0.957823129	145.784
0.963628118	145.829
0.969433107	145.833
0.975238095	145.806
0.981043084	145.908
0.986848073	146.024
0.992653061	146.099
0.998458050	146.182
1.004263039	146.167
1.010068027	146.057
1.015873016	146.004
1.021678005	145.882
1.027482993	145.871
1.033287982	145.857
1.039092971	145.877
1.044897959	145.959
1.050702948	146.058
1.056507937	146.047
1.062312925	146.04
1.068117914	146.022
1.073922902	145.919
1.079727891	146.008
1.085532880	146.05
1.091337868	146.208
1.097142857	146.334
1.102947846	146.382
1.108752834	146.51
1.114557823	146.437
1.120362812	146.4
1.126167800	146.235
1.131972789	146.053
1.137777778	146.054
1.143582766	145.99
1.149387755	145.935
1.155192744	145.943
1.160997732	145.878
1.166802721	145.906
1.172607710	145.969
1.178412698	145.952
1.184217687	145.966
1.190022676	145.871
1.195827664	145.848
1.201632653	145.837
1.207437642	145.926
1.213242630	146.093
1.219047619	146.17
1.224852608	146.221
1.230657596	146.174
1.236462585	146.12
1.242267574	146.106
1.248072562	146.138
1.253877551	146.166
1.259682540	146.144
1.265487528	146.126
1.271292517	146.166
1.277097506	146.196
1.282902494	146.275
1.288707483	146.341
1.294512472	146.262
1.300317460	146.289
1.306122449	146.236
1.311927438	146.245
1.317732426	146.254
1.323537415	146.237
1.329342404	146.256
1.335147392	146.293
1.340952381	146.383
1.346757370	146.438
1.352562358	146.54
1.358367347	146.611
1.364172336	146.66
1.369977324	146.71
1.375782313	146.755
1.381587302	146.815
1.387392290	146.893
1.393197279	146.964
1.399002268	147.084
1.404807256	147.223
1.410612245	147.775
1.416417234	149.286
1.422222222	152.046
1.428027211	155.138
1.433832200	156.683
1.439637188	156.302
1.445442177	154.486
1.451247166	152.801
1.457052154	151.78
1.462857143	152.856
1.468662132	154.381
1.474467120	155.586
1.480272109	155.344
1.486077098	155.261
1.491882086	155.325
1.497687075	155.203
1.503492063	155.228
1.509297052	155.236
1.515102041	155.183
1.520907029	155.184
1.526712018	155.185
1.532517007	155.224
1.538321995	155.311
1.544126984	155.361
1.549931973	155.406
1.555736961	155.416
1.561541950	155.332
1.567346939	155.282
1.573151927	155.271
1.578956916	155.223
1.584761905	155.269
1.590566893	155.414
1.596371882	155.371
1.602176871	155.422
1.607981859	155.403
1.613786848	155.3
1.619591837	155.287
1.625396825	155.225
1.631201814	155.202
1.637006803	155.263
1.642811791	155.307
1.648616780	155.326
1.654421769	155.375
1.660226757	155.354
1.666031746	155.324
1.671836735	155.353
1.677641723	155.379
1.683446712	155.355
1.689251701	155.44
1.695056689	155.452
1.700861678	155.374
1.706666667	155.363
1.712471655	155.261
1.718276644	155.205
1.724081633	155.173
1.729886621	155.235
1.735691610	155.295
1.741496599	155.331
1.747301587	155.376
1.753106576	155.341
1.758911565	155.32
1.764716553	155.272
1.770521542	155.297
1.776326531	155.333
1.782131519	155.369
1.787936508	155.447
1.793741497	155.472
1.799546485	155.491
1.805351474	155.523
1.811156463	155.579
1.816961451	155.557
1.822766440	155.59
1.828571429	155.625
1.834376417	155.603
1.840181406	155.655
1.845986395	155.68
1.851791383	155.625
1.857596372	155.601
1.863401361	155.548
1.869206349	155.492
1.875011338	155.447
1.880816327	155.436
1.886621315	155.48
1.892426304	155.466
1.898231293	155.502
1.904036281	155.517
1.909841270	155.495
1.915646259	155.53
1.921451247	155.56
1.927256236	155.582
1.933061224	155.638
1.938866213	155.693
1.944671202	155.702
1.950476190	155.746
1.956281179	155.742
1.962086168	155.701
1.967891156	155.682
1.973696145	155.603
1.979501134	155.532
1.985306122	155.515
1.991111111	155.475
1.996916100	155.436
2.002721088	155.409
2.008526077	155.4
2.014331066	155.407
2.020136054	155.45
2.025941043	155.513
2.031746032	155.529
2.037551020	155.613
2.043356009	155.669
2.049160998	155.687
2.054965986	155.742
2.060770975	155.782
2.066575964	155.813
2.072380952	155.913
2.078185941	156.002
2.083990930	156.04
2.089795918	156.09
2.095600907	156.111
2.101405896	156.092
2.107210884	156.075
2.113015873	156.087
2.118820862	156.071
2.124625850	156.101
2.130430839	156.131
2.136235828	156.136
2.142040816	156.134
2.147845805	156.124
2.153650794	156.124
2.159455782	156.1
2.165260771	156.086
2.171065760	156.098
2.176870748	156.094
2.182675737	156.125
2.188480726	156.117
2.194285714	156.099
2.200090703	156.076
2.205895692	156.035
2.211700680	156.074
2.217505669	156.105
2.223310658	156.145
2.229115646	156.215
2.234920635	156.259
2.240725624	156.291
2.246530612	156.339
2.252335601	156.376
2.258140590	156.393
2.263945578	156.464
2.269750567	156.495
2.275555556	156.512
2.281360544	156.536
2.287165533	156.458
2.292970522	156.399
2.298775510	156.329
2.304580499	156.266
2.310385488	156.228
2.316190476	156.212
2.321995465	156.181
2.327800454	156.17
2.333605442	156.145
2.339410431	156.148
2.345215420	156.202
2.351020408	156.203
2.356825397	156.243
2.362630385	156.176
2.368435374	156.113
2.374240363	156.079
2.380045351	156.023
2.385850340	156.04
2.391655329	156.04
2.397460317	156.034
2.403265306	156.041
2.409070295	156.077
2.414875283	156.12
2.420680272	156.192
2.426485261	156.281
2.432290249	156.33
2.438095238	156.36
2.443900227	156.343
2.449705215	156.328
2.455510204	156.311
2.461315193	156.257
2.467120181	156.201
2.472925170	156.182
2.478730159	156.185
2.484535147	156.27
2.490340136	156.387
2.496145125	156.465
2.501950113	156.657
2.507755102	156.958
2.513560091	157.567
2.519365079	158.471
2.525170068	159.638
2.530975057	161.292
2.536780045	162.77
2.542585034	163.238
2.548390023	162.675
2.554195011	162.369
2.560000000	162.412
2.565804989	162.635
2.571609977	162.851
2.577414966	162.965
2.583219955	163.125
2.589024943	163.298
2.594829932	163.508
2.600634921	163.68
2.606439909	163.822
2.612244898	163.953
2.618049887	164.047
2.623854875	164.211
2.629659864	164.311
2.635464853	164.4
2.641269841	164.512
2.647074830	164.562
2.652879819	164.528
2.658684807	164.496
2.664489796	164.424
2.670294785	164.343
2.676099773	164.372
2.681904762	164.37
2.687709751	164.327
2.693514739	164.327
2.699319728	164.289
2.705124717	164.345
2.710929705	164.408
2.716734694	164.375
2.722539683	164.424
2.728344671	164.347
2.734149660	164.213
2.739954649	164.18
2.745759637	164.152
2.751564626	164.185
2.757369615	164.352
2.763174603	164.556
2.768979592	164.631
2.774784580	164.574
2.780589569	164.512
2.786394558	164.37
2.792199546	164.319
2.798004535	164.36
2.803809524	164.401
2.809614512	164.496
2.815419501	164.483
2.821224490	164.5
2.827029478	164.547
2.832834467	164.508
2.838639456	164.509
2.844444444	164.457
2.850249433	164.375
2.856054422	164.287
2.861859410	164.223
2.867664399	164.254
2.873469388	164.318
2.879274376	164.438
2.885079365	164.573
2.890884354	164.58
2.896689342	164.502
2.902494331	164.344
2.908299320	164.202
2.914104308	164.16
2.919909297	164.198
2.925714286	164.312
2.931519274	164.374
2.937324263	164.474
2.943129252	164.481
2.948934240	164.444
2.954739229	164.406
2.960544218	164.3
2.966349206	164.289
2.972154195	164.252
2.977959184	164.287
2.983764172	164.306
2.989569161	164.317
2.995374150	164.366
3.001179138	164.392
3.006984127	164.447
3.012789116	164.41
3.018594104	164.343
3.024399093	164.305
3.030204082	164.186
3.036009070	164.182
3.041814059	164.167
3.047619048	164.198
3.053424036	164.26
3.059229025	164.335
3.065034014	164.428
3.070839002	164.436
3.076643991	164.438
3.082448980	164.39
3.088253968	164.344
3.094058957	164.336
3.099863946	164.394
3.105668934	164.428
3.111473923	164.481
3.117278912	164.498
3.123083900	164.511
3.128888889	164.551
3.134693878	164.571
3.140498866	164.585
3.146303855	164.538
3.152108844	164.464
3.157913832	164.397
3.163718821	164.398
3.169523810	164.421
3.175328798	164.42
3.181133787	164.439
3.186938776	164.444
3.192743764	164.392
3.198548753	164.346
3.204353741	164.332
3.210158730	164.24
3.215963719	164.255
3.221768707	164.283
3.227573696	164.257
3.233378685	164.264
3.239183673	164.213
3.244988662	164.2
3.250793651	164.21
3.256598639	164.21
3.262403628	164.251
3.268208617	164.269
3.274013605	164.278
3.279818594	164.337
3.285623583	164.397
3.291428571	164.382
3.297233560	164.372
3.303038549	164.412
3.308843537	164.451
3.314648526	164.532
3.320453515	164.546
3.326258503	164.463
3.332063492	164.386
3.337868481	164.368
3.343673469	164.416
3.349478458	164.402
3.355283447	164.37
3.361088435	164.372
3.366893424	164.382
3.372698413	164.486
3.378503401	164.537
3.384308390	164.609
3.390113379	164.639
3.395918367	164.631
3.401723356	164.651
3.407528345	164.531
3.413333333	164.712
3.419138322	164.78
3.424943311	164.74
3.430748299	164.87
3.436553288	163.848
3.442358277	161.357
3.448163265	157.88
3.453968254	156.297
3.459773243	155.549
3.465578231	154.97
3.471383220	155.011
3.477188209	155.01
3.482993197	155.104
3.488798186	155.272
3.494603175	155.339
3.500408163	155.509
3.506213152	155.622
3.512018141	155.712
3.517823129	155.824
3.523628118	155.722
3.529433107	155.662
3.535238095	155.544
3.541043084	155.427
3.546848073	155.369
3.552653061	155.331
3.558458050	155.395
3.564263039	155.414
3.570068027	155.42
3.575873016	155.432
3.581678005	155.387
3.587482993	155.359
3.593287982	155.287
3.599092971	155.24
3.604897959	155.2
3.610702948	155.174
3.616507937	155.243
3.622312925	155.298
3.628117914	155.47
3.633922902	155.753
3.639727891	155.885
3.645532880	155.981
3.651337868	155.84
3.657142857	155.596
3.662947846	155.496
3.668752834	155.505
3.674557823	155.728
3.680362812	155.939
3.686167800	156.083
3.691972789	156.115
3.697777778	156.032
3.703582766	155.866
3.709387755	155.658
3.715192744	155.563
3.720997732	155.579
3.726802721	155.762
3.732607710	155.971
3.738412698	156.075
3.744217687	156.067
3.750022676	155.984
3.755827664	155.803
3.761632653	155.692
3.767437642	155.656
3.773242630	155.625
3.779047619	155.762
3.784852608	155.852
3.790657596	155.925
3.796462585	156.011
3.802267574	155.94
3.808072562	155.852
3.813877551	155.736
3.819682540	155.627
3.825487528	155.589
3.831292517	155.57
3.837097506	155.572
3.842902494	155.604
3.848707483	155.619
3.854512472	155.679
3.860317460	155.708
3.866122449	155.686
3.871927438	155.68
3.877732426	155.612
3.883537415	155.588
3.889342404	155.604
3.895147392	155.605
3.900952381	155.676
3.906757370	155.748
3.912562358	155.736
3.918367347	155.738
3.924172336	155.697
3.929977324	155.626
3.935782313	155.614
3.941587302	155.634
3.947392290	155.657
3.953197279	155.693
3.959002268	155.691
3.964807256	155.667
3.970612245	155.634
3.976417234	155.61
3.982222222	155.618
3.988027211	155.681
3.993832200	155.802
3.999637188	155.898
4.005442177	155.945
4.011247166	155.939
4.017052154	155.869
4.022857143	155.796
4.028662132	155.75
4.034467120	155.712
4.040272109	155.683
4.046077098	155.662
4.051882086	155.637
4.057687075	155.603
4.063492063	155.58
4.069297052	155.558
4.075102041	155.543
4.080907029	155.564
4.086712018	155.607
4.092517007	155.646
4.098321995	155.675
4.104126984	155.693
4.109931973	155.673
4.115736961	155.677
4.121541950	155.691
4.127346939	155.691
4.133151927	155.736
4.138956916	155.706
4.144761905	155.709
4.150566893	155.71
4.156371882	155.688
4.162176871	155.733
4.167981859	155.786
4.173786848	155.832
4.179591837	155.878
4.185396825	155.898
4.191201814	155.908
4.197006803	155.933
4.202811791	155.944
4.208616780	155.953
4.214421769	155.918
4.220226757	155.885
4.226031746	155.836
4.231836735	155.794
4.237641723	155.752
4.243446712	155.683
4.249251701	155.619
4.255056689	155.531
4.260861678	155.452
4.266666667	155.382
4.272471655	155.35
4.278276644	155.335
4.284081633	155.352
4.289886621	155.426
4.295691610	155.486
4.301496599	155.544
4.307301587	155.583
4.313106576	155.581
4.318911565	155.569
4.324716553	155.557
4.330521542	155.531
4.336326531	155.546
4.342131519	155.562
4.347936508	155.585
4.353741497	155.631
4.359546485	155.652
4.365351474	155.667
4.371156463	155.693
4.376961451	155.729
4.382766440	155.8
4.388571429	155.867
4.394376417	155.928
4.400181406	155.983
4.405986395	155.986
4.411791383	155.989
4.417596372	155.981
4.423401361	155.946
4.429206349	155.928
4.435011338	155.906
4.440816327	155.871
4.446621315	155.824
4.452426304	155.718
4.458231293	155.521
4.464036281	155.309
4.469841270	155.059
4.475646259	154.773
4.481451247	154.422
4.487256236	154.077
4.493061224	153.664
4.498866213	153.229
4.504671202	152.824
4.510476190	152.027
4.516281179	151.096
4.522086168	149.396
4.527891156	147.848
4.533696145	145.599
4.539501134	144.556
4.545306122	145.501
4.551111111	146.387
4.556916100	147.334
4.562721088	148.306
4.568526077	149.452
4.574331066	150.807
4.580136054	152.211
4.585941043	153.287
4.591746032	154.005
4.597551020	154.583
4.603356009	155.017
4.609160998	155.258
4.614965986	155.402
4.620770975	155.516
4.626575964	155.435
4.632380952	155.376
4.638185941	155.354
4.643990930	155.391
4.649795918	155.455
4.655600907	155.817
4.661405896	156.407
4.667210884	157.231
4.673015873	158.119
4.678820862	158.46
4.684625850	156.906
4.690430839	153.553
4.696235828	150.219
4.702040816	149.002
4.707845805	147.102
4.713650794	145.942
4.719455782	145.243
4.725260771	144.437
4.731065760	144.647
4.736870748	144.98
4.742675737	145.175
4.748480726	145.407
4.754285714	145.521
4.760090703	145.672
4.765895692	145.771
4.771700680	145.777
4.777505669	145.758
4.783310658	145.744
4.789115646	145.723
4.794920635	145.708
4.800725624	145.786
4.806530612	145.777
4.812335601	145.855
4.818140590	145.865
4.823945578	145.81
4.829750567	145.838
4.835555556	145.687
4.841360544	145.649
4.847165533	145.652
4.852970522	145.692
4.858775510	145.797
4.864580499	145.921
4.870385488	145.994
4.876190476	146.022
4.881995465	146.011
4.887800454	145.963
4.893605442	146.01
4.899410431	146.022
4.905215420	146.033
4.911020408	146.087
4.916825397	146.105
4.922630385	146.182
4.928435374	146.286
4.934240363	146.281
4.940045351	146.239
4.945850340	146.247
4.951655329	146.314
4.957460317	146.363
4.963265306	146.479
4.969070295	146.52
4.974875283	146.496
4.980680272	146.529
4.986485261	146.535
4.992290249	146.498
4.998095238	146.455
5.003900227	146.434
5.009705215	146.405
5.015510204	146.44
5.021315193	146.523
5.027120181	146.598
5.032925170	146.57
5.038730159	146.531
5.044535147	146.465
5.050340136	146.389
5.056145125	146.366
5.061950113	146.341
5.067755102	146.403
5.073560091	146.513
5.079365079	146.648
5.085170068	146.798
5.090975057	146.884
5.096780045	146.861
5.102585034	146.829
5.108390023	146.746
5.114195011	146.729
5.120000000	146.778
5.125804989	146.841
5.131609977	146.966
5.137414966	147.058
5.143219955	147.148
5.149024943	147.194
5.154829932	147.22
5.160634921	147.282
5.166439909	147.245
5.172244898	147.545
5.178049887	148.039
5.183854875	148.868
5.189659864	150.378
5.195464853	152.561
5.201269841	155.387
5.207074830	158.961
5.212879819	161.144
5.218684807	163.253
5.224489796	165.348
5.230294785	163.615
5.236099773	160.974
5.241904762	159.373
5.247709751	163.355
5.253514739	162.375
5.259319728	161.403
5.265124717	161.271
5.270929705	161.675
5.276734694	162.103
5.282539683	162.474
5.288344671	162.888
5.294149660	163.254
5.299954649	163.504
5.305759637	163.688
5.311564626	163.827
5.317369615	163.91
5.323174603	163.929
5.328979592	163.941
5.334784580	163.908
5.340589569	163.924
5.346394558	163.936
5.352199546	163.915
5.358004535	163.853
5.363809524	163.809
5.369614512	163.882
5.375419501	164.009
5.381224490	164.089
5.387029478	164.093
5.392834467	164.043
5.398639456	163.968
5.404444444	163.97
5.410249433	164.003
5.416054422	164.074
5.421859410	164.079
5.427664399	164.141
5.433469388	164.217
5.439274376	164.219
5.445079365	164.166
5.450884354	164.065
5.456689342	164.02
5.462494331	164.024
5.468299320	164.093
5.474104308	164.119
5.479909297	164.118
5.485714286	164.182
5.491519274	164.237
5.497324263	164.254
5.503129252	164.317
5.508934240	164.335
5.514739229	164.367
5.520544218	164.459
5.526349206	164.439
5.532154195	164.408
5.537959184	164.429
5.543764172	164.459
5.549569161	164.475
5.555374150	164.475
5.561179138	164.432
5.566984127	164.384
5.572789116	164.311
5.578594104	164.322
5.584399093	164.372
5.590204082	164.418
5.596009070	164.735
5.601814059	163.483
5.607619048	158.764
5.613424036	151.854
5.619229025	147.267
5.625034014	146.327
5.630839002	145.687
5.636643991	145.822
5.642448980	145.765
5.648253968	145.567
5.654058957	145.723
5.659863946	145.739
5.665668934	145.882
5.671473923	145.976
5.677278912	145.913
5.683083900	146.026
5.688888889	146.095
5.694693878	146.262
5.700498866	146.49
5.706303855	146.682
5.712108844	146.92
5.717913832	147.42
5.723718821	147.641
5.729523810	147.476
5.735328798	147.104
5.741133787	146.133
5.746938776	145.75
5.752743764	145.995
5.758548753	145.582
5.764353741	146.655
5.770158730	0
5.775963719	0
5.781768707	0
5.787573696	0
5.793378685	0
5.799183673	0
5.804988662	0
5.810793651	0
5.816598639	0
5.822403628	0
5.828208617	0
5.834013605	0
5.839818594	0
5.845623583	0
5.851428571	0
5.857233560	0
5.863038549	0
5.868843537	0
5.874648526	0
5.880453515	0
5.886258503	0
5.892063492	0
5.897868481	0
5.903673469	0
5.909478458	0
5.915283447	0
5.921088435	0
5.926893424	0
5.932698413	0
5.938503401	0
5.944308390	0
5.950113379	0
5.955918367	0
5.961723356	0
5.967528345	0
5.973333333	0
5.979138322	0
5.984943311	0
5.990748299	0
5.996553288	0
6.002358277	0
6.008163265	0
6.013968254	0
6.019773243	0
6.025578231	0
6.031383220	0
6.037188209	0
6.042993197	0
6.048798186	0
6.054603175	0
6.060408163	0
6.066213152	0
6.072018141	0
6.077823129	0
6.083628118	0
6.089433107	0
6.095238095	0
6.101043084	0
6.106848073	0
6.112653061	0
6.118458050	0
6.124263039	0
6.130068027	0
6.135873016	0
6.141678005	188.412
6.147482993	190.343
6.153287982	191.156
6.159092971	190.701
6.164897959	191.812
6.170702948	191.593
6.176507937	192.292
6.182312925	192.658
6.188117914	192.923
6.193922902	193.299
6.199727891	193.471
6.205532880	193.552
6.211337868	193.526
6.217142857	193.541
6.222947846	193.522
6.228752834	193.538
6.234557823	193.571
6.240362812	193.533
6.246167800	193.599
6.251972789	193.763
6.257777778	193.908
6.263582766	194.244
6.269387755	194.325
6.275192744	194.566
6.280997732	194.72
6.286802721	194.747
6.292607710	194.782
6.298412698	194.773
6.304217687	194.707
6.310022676	194.691
6.315827664	194.639
6.321632653	194.583
6.327437642	194.581
6.333242630	194.439
6.339047619	194.707
6.344852608	194.744
6.350657596	194.917
6.356462585	195.594
6.362267574	196.239
6.368072562	200.542
6.373877551	202.778
6.379682540	203.499
6.385487528	203.803
6.391292517	204.288
6.397097506	204.804
6.402902494	205.413
6.408707483	205.958
6.414512472	206.17
6.420317460	206.482
6.426122449	206.467
6.431927438	206.51
6.437732426	206.499
6.443537415	206.435
6.449342404	206.384
6.455147392	206.36
6.460952381	206.259
6.466757370	206.257
6.472562358	206.304
6.478367347	206.292
6.484172336	206.429
6.489977324	206.503
6.495782313	206.519
6.501587302	206.707
6.507392290	206.712
6.513197279	206.804
6.519002268	206.984
6.524807256	207.046
6.530612245	207.195
6.536417234	207.268
6.542222222	207.354
6.548027211	207.428
6.553832200	207.478
6.559637188	207.577
6.565442177	207.537
6.571247166	207.457
6.577052154	207.428
6.582857143	207.381
6.588662132	207.309
6.594467120	207.309
6.600272109	207.202
6.606077098	207.375
6.611882086	207.905
6.617687075	208.264
6.623492063	209.41
6.629297052	214.277
6.635102041	0
6.640907029	0
6.646712018	233.426
6.652517007	242.876
6.658321995	245.181
6.664126984	237.149
6.669931973	240.85
6.675736961	242.219
6.681541950	241.472
6.687346939	243.284
6.693151927	243.87
6.698956916	244.019
6.704761905	244.836
6.710566893	245.198
6.716371882	245.191
6.722176871	245.467
6.727981859	245.406
6.733786848	245.27
6.739591837	245.131
6.745396825	244.961
6.751201814	244.8
6.757006803	244.567
6.762811791	244.474
6.768616780	244.257
6.774421769	244.077
6.780226757	244.233
6.786031746	244.31
6.791836735	244.294
6.797641723	244.645
6.803446712	244.694
6.809251701	244.732
6.815056689	244.952
6.820861678	245.041
6.826666667	245.173
6.832471655	245.294
6.838276644	245.497
6.844081633	245.636
6.849886621	245.815
6.855691610	245.82
6.861496599	245.923
6.867301587	245.89
6.873106576	245.85
6.878911565	245.828
6.884716553	245.557
6.890521542	245.685
6.896326531	245.562
6.902131519	245.243
6.907936508	244.693
6.913741497	240.393
6.919546485	239.201
6.925351474	236.548
6.931156463	236.526
6.936961451	230.736
6.942766440	232.055
6.948571429	233.174
6.954376417	231.534
6.960181406	232.397
6.965986395	232.725
6.971791383	231.913
6.977596372	231.945
6.983401361	232.248
6.989206349	231.85
6.995011338	231.878
7.000816327	232.24
7.006621315	232.011
7.012426304	232.103
7.018231293	232.325
7.024036281	232.217
7.029841270	232.354
7.035646259	232.299
7.041451247	232.329
7.047256236	232.293
7.053061224	232.216
7.058866213	232.263
7.064671202	232.125
7.070476190	232.049
7.076281179	232.072
7.082086168	231.921
7.087891156	231.853
7.093696145	231.936
7.099501134	231.875
7.105306122	231.843
7.111111111	231.864
7.116916100	231.895
7.122721088	231.922
7.128526077	231.926
7.134331066	232.062
7.140136054	232.054
7.145941043	232.008
7.151746032	232.152
7.157551020	232.103
7.163356009	232.063
7.169160998	232.236
7.174965986	232.183
7.180770975	232.045
7.186575964	232.068
7.192380952	231.93
7.198185941	231.814
7.203990930	231.819
7.209795918	231.661
7.215600907	231.658
7.221405896	231.555
7.227210884	231.511
7.233015873	231.617
7.238820862	231.476
7.244625850	231.679
7.250430839	231.776
7.256235828	231.873
7.262040816	232.019
7.267845805	232.078
7.273650794	232.203
7.279455782	232.266
7.285260771	232.338
7.291065760	232.373
7.296870748	232.463
7.302675737	232.355
7.308480726	232.298
7.314285714	232.287
7.320090703	232.154
7.325895692	232.207
7.331700680	232.285
7.337505669	232.213
7.343310658	232.266
7.349115646	232.431
7.354920635	232.411
7.360725624	232.541
7.366530612	232.639
7.372335601	232.645
7.378140590	232.724
7.383945578	232.776
7.389750567	232.729
7.395555556	232.727
7.401360544	232.644
7.407165533	232.627
7.412970522	232.729
7.418775510	232.614
7.424580499	232.701
7.430385488	232.683
7.436190476	232.63
7.441995465	232.652
7.447800454	232.523
7.453605442	232.526
7.459410431	232.452
7.465215420	232.314
7.471020408	232.316
7.476825397	232.179
7.482630385	232.094
7.488435374	232.125
7.494240363	232.112
7.500045351	232.094
7.505850340	232.025
7.511655329	231.974
7.517460317	231.899
7.523265306	231.823
7.529070295	231.778
7.534875283	231.709
7.540680272	231.663
7.546485261	231.632
7.552290249	231.603
7.558095238	231.527
7.563900227	231.474
7.569705215	231.424
7.575510204	231.331
7.581315193	231.27
7.587120181	231.19
7.592925170	231.143
7.598730159	231.134
7.604535147	231.141
7.610340136	231.178
7.616145125	231.248
7.621950113	231.359
7.627755102	231.441
7.633560091	231.516
7.639365079	231.502
7.645170068	231.452
7.650975057	231.549
7.656780045	231.526
7.662585034	231.593
7.668390023	231.622
7.674195011	231.511
7.680000000	231.555
7.685804989	231.491
7.691609977	231.461
7.697414966	231.463
7.703219955	231.611
7.709024943	231.713
7.714829932	231.867
7.720634921	232.067
7.726439909	232.087
7.732244898	232.186
7.738049887	232.276
7.743854875	232.366
7.749659864	232.398
7.755464853	232.475
7.761269841	232.491
7.767074830	232.402
7.772879819	232.416
7.778684807	232.242
7.784489796	232.085
7.790294785	231.918
7.796099773	231.604
7.801904762	231.329
7.807709751	230.9
7.813514739	230.333
7.819319728	229.842
7.825124717	229.212
7.830929705	228.261
7.836734694	227.177
7.842539683	225.93
7.848344671	224.201
7.854149660	222.764
7.859954649	221.506
7.865759637	220.171
7.871564626	217.9
7.877369615	216.153
7.883174603	214.658
7.888979592	213.525
7.894784580	213.629
7.900589569	214.945
7.906394558	216.835
7.912199546	219.647
7.918004535	223.131
7.923809524	225.481
7.929614512	227.214
7.935419501	228.812
7.941224490	229.758
7.947029478	230.443
7.952834467	231.071
7.958639456	231.33
7.964444444	231.514
7.970249433	231.684
7.976054422	231.723
7.981859410	231.754
7.987664399	231.981
7.993469388	231.934
7.999274376	231.991
8.005079365	232.121
8.010884354	232.198
8.016689342	232.524
8.022494331	232.825
8.028299320	233.118
8.034104308	233.31
8.039909297	233.884
8.045714286	234.068
8.051519274	234.335
8.057324263	236.524
8.063129252	232.954
8.068934240	224.333
8.074739229	219.967
8.080544218	217.559
8.086349206	217.935
8.092154195	218.226
8.097959184	218.123
8.103764172	218.664
8.109569161	218.875
8.115374150	219.003
8.121179138	219.411
8.126984127	219.485
8.132789116	219.735
8.138594104	219.947
8.144399093	220
8.150204082	220.097
8.156009070	220.184
8.161814059	220.189
8.167619048	220.195
8.173424036	220.18
8.179229025	220.166
8.185034014	220.088
8.190839002	220.031
8.196643991	219.949
8.202448980	219.941
8.208253968	220.056
8.214058957	220.157
8.219863946	220.189
8.225668934	220.271
8.231473923	220.461
8.237278912	220.631
8.243083900	220.789
8.248888889	220.897
8.254693878	220.827
8.260498866	220.7
8.266303855	220.45
8.272108844	220.076
8.277913832	219.569
8.283718821	219.683
8.289523810	219.902
8.295328798	220.208
8.301133787	221.486
8.306938776	221.746
8.312743764	221.226
8.318548753	220.12
8.324353741	207.562
8.330158730	214.262
8.335963719	210.393
8.341768707	212.962
8.347573696	213.457
8.353378685	213.763
8.359183673	215.145
8.364988662	215.41
8.370793651	216.611
8.376598639	217.317
8.382403628	217.541
8.388208617	218.101
8.394013605	218.371
8.399818594	218.605
8.405623583	218.639
8.411428571	218.709
8.417233560	218.734
8.423038549	218.647
8.428843537	218.716
8.434648526	218.745
8.440453515	218.717
8.446258503	218.73
8.452063492	218.858
8.457868481	219.076
8.463673469	219.348
8.469478458	225.134
8.475283447	229.156
8.481088435	229.47
8.486893424	232.389
8.492698413	232.194
8.498503401	228.451
8.504308390	231.747
8.510113379	229.96
8.515918367	230.171
8.521723356	231.567
8.527528345	230.682
8.533333333	230.808
8.539138322	231.632
8.544943311	231.212
8.550748299	231.33
8.556553288	231.967
8.562358277	231.665
8.568163265	231.649
8.573968254	231.963
8.579773243	231.637
8.585578231	231.588
8.591383220	231.772
8.597188209	231.535
8.602993197	231.472
8.608798186	231.493
8.614603175	231.499
8.620408163	231.678
8.626213152	232.101
8.632018141	232.767
8.637823129	233.679
8.643628118	0
8.649433107	257.463
8.655238095	257.786
8.661043084	258.301
8.666848073	258.379
8.672653061	258.387
8.678458050	258.562
8.684263039	258.735
8.690068027	258.818
8.695873016	258.959
8.701678005	259.11
8.707482993	259.155
8.713287982	259.423
8.719092971	259.628
8.724897959	259.835
8.730702948	259.933
8.736507937	260.024
8.742312925	260.056
8.748117914	260.222
8.753922902	260.405
8.759727891	260.518
8.765532880	260.364
8.771337868	259.638
8.777142857	0
8.782947846	0
8.788752834	0
8.794557823	235.415
8.800362812	233.132
8.806167800	232.449
8.811972789	232.972
8.817777778	232.446
8.823582766	232.446
8.829387755	232.976
8.835192744	232.61
8.840997732	232.336
8.846802721	232.774
8.852607710	232.335
8.858412698	232.1
8.864217687	232.38
8.870022676	232.106
8.875827664	231.947
8.881632653	232.442
8.887437642	232.42
8.893242630	232.404
8.899047619	232.679
8.904852608	232.263
8.910657596	231.925
8.916462585	231.676
8.922267574	230.762
8.928072562	229.264
8.933877551	227.092
8.939682540	221.596
8.945487528	219.293
8.951292517	218.44
8.957097506	218.776
8.962902494	218.524
8.968707483	218.473
8.974512472	218.891
8.980317460	218.826
8.986122449	218.903
8.991927438	219.088
8.997732426	218.99
9.003537415	219.102
9.009342404	219.255
9.015147392	219.236
9.020952381	219.334
9.026757370	219.347
9.032562358	219.238
9.038367347	219.217
9.044172336	219.169
9.049977324	219.131
9.055782313	219.118
9.061587302	219.086
9.067392290	219.017
9.073197279	218.933
9.079002268	218.843
9.084807256	218.844
9.090612245	218.79
9.096417234	218.826
9.102222222	218.849
9.108027211	218.827
9.113832200	218.857
9.119637188	218.861
9.125442177	218.934
9.131247166	218.959
9.137052154	219.016
9.142857143	218.986
9.148662132	218.974
9.154467120	218.874
9.160272109	218.796
9.166077098	218.727
9.171882086	218.601
9.177687075	218.539
9.183492063	218.48
9.189297052	218.421
9.195102041	218.355
9.200907029	218.319
9.206712018	218.327
9.212517007	218.264
9.218321995	218.379
9.224126984	218.443
9.229931973	218.518
9.235736961	218.61
9.241541950	218.59
9.247346939	218.643
9.253151927	218.579
9.258956916	218.536
9.264761905	218.474
9.270566893	218.36
9.276371882	218.334
9.282176871	218.283
9.287981859	218.258
9.293786848	218.292
9.299591837	218.267
9.305396825	218.334
9.311201814	218.363
9.317006803	218.345
9.322811791	218.403
9.328616780	218.429
9.334421769	218.404
9.340226757	218.447
9.346031746	218.44
9.351836735	218.386
9.357641723	218.461
9.363446712	218.363
9.369251701	218.286
9.375056689	218.152
9.380861678	218.039
9.386666667	217.901
9.392471655	217.746
9.398276644	217.699
9.404081633	217.647
9.409886621	217.662
9.415691610	217.754
9.421496599	217.819
9.427301587	217.853
9.433106576	217.911
9.438911565	217.955
9.444716553	218.006
9.450521542	218.018
9.456326531	218.033
9.462131519	218.058
9.467936508	218.029
9.473741497	218.043
9.479546485	218.02
9.485351474	217.945
9.491156463	217.924
9.496961451	217.884
9.502766440	217.792
9.508571429	217.822
9.514376417	217.76
9.520181406	217.741
9.525986395	217.861
9.531791383	217.866
9.537596372	217.985
9.543401361	218.078
9.549206349	218.234
9.555011338	218.306
9.560816327	218.435
9.566621315	218.588
9.572426304	218.688
9.578231293	218.768
9.584036281	218.77
9.589841270	218.684
9.595646259	218.577
9.601451247	218.457
9.607256236	218.345
9.613061224	218.263
9.618866213	218.19
9.624671202	218.183
9.630476190	218.194
9.636281179	218.221
9.642086168	218.227
9.647891156	218.27
9.653696145	218.297
9.659501134	218.365
9.665306122	218.404
9.671111111	218.315
9.676916100	218.284
9.682721088	218.189
9.688526077	218.096
9.694331066	218.045
9.700136054	217.869
9.705941043	217.798
9.711746032	217.697
9.717551020	217.616
9.723356009	217.505
9.729160998	217.403
9.734965986	217.286
9.740770975	217.228
9.746575964	217.255
9.752380952	217.273
9.758185941	217.316
9.763990930	217.366
9.769795918	217.395
9.775600907	217.469
9.781405896	217.509
9.787210884	217.571
9.793015873	217.657
9.798820862	217.722
9.804625850	217.721
9.810430839	217.778
9.816235828	217.795
9.822040816	217.752
9.827845805	217.808
9.833650794	217.835
9.839455782	217.83
9.845260771	217.938
9.851065760	218.06
9.856870748	218.174
9.862675737	218.324
9.868480726	218.381
9.874285714	218.457
9.880090703	218.463
9.885895692	218.503
9.891700680	218.557
9.897505669	218.597
9.903310658	218.685
9.909115646	218.681
9.914920635	218.661
9.920725624	218.584
9.926530612	218.494
9.932335601	218.39
9.938140590	218.293
9.943945578	218.102
9.949750567	217.902
9.955555556	217.716
9.961360544	217.486
9.967165533	217.34
9.972970522	217.129
9.978775510	216.908
9.984580499	216.599
9.990385488	216.269
9.996190476	215.704
10.001995465	214.861
10.007800454	213.753
10.013605442	212.454
10.019410431	210.974
10.025215420	209.508
10.031020408	207.633
10.036825397	206.428
10.042630385	206.07
10.048435374	206.998
10.054240363	209.114
10.060045351	212.205
10.065850340	213.795
10.071655329	215.13
10.077460317	216.207
10.083265306	217.025
10.089070295	217.527
10.094875283	217.868
10.100680272	218.115
10.106485261	218.44
10.112290249	218.63
10.118095238	218.84
10.123900227	218.97
10.129705215	219.027
10.135510204	219.221
10.141315193	219.593
10.147120181	220.033
10.152925170	220.572
10.158730159	221.006
10.164535147	221.157
10.170340136	220.971
10.176145125	220.312
10.181950113	216.233
10.187755102	212.747
10.193560091	205.85
10.199365079	205.899
10.205170068	208.372
10.210975057	206.062
10.216780045	207.695
10.222585034	207.525
10.228390023	206.71
10.234195011	207.561
10.240000000	206.838
10.245804989	207.104
10.251609977	207.334
10.257414966	206.947
10.263219955	207.239
10.269024943	207.059
10.274829932	206.931
10.280634921	206.876
10.286439909	206.465
10.292244898	206.14
10.298049887	205.852
10.303854875	205.65
10.309659864	205.594
10.315464853	205.861
10.321269841	205.946
10.327074830	205.995
10.332879819	205.908
10.338684807	205.766
10.344489796	206.028
10.350294785	206.332
10.356099773	206.594
10.361904762	206.855
10.367709751	206.919
10.373514739	206.851
10.379319728	206.849
10.385124717	206.722
10.390929705	206.747
10.396734694	206.682
10.402539683	206.453
10.408344671	206.162
10.414149660	205.805
10.419954649	205.941
10.425759637	205.699
10.431564626	205.65
10.437369615	205.924
10.443174603	204.177
10.448979592	206.227
10.454784580	201.374
10.460589569	203.874
10.466394558	203.558
10.472199546	202.915
10.478004535	204.073
10.483809524	204.019
10.489614512	204.829
10.495419501	205.742
10.501224490	205.973
10.507029478	206.678
10.512834467	206.786
10.518639456	207.168
10.524444444	207.415
10.530249433	207.459
10.536054422	207.569
10.541859410	207.561
10.547664399	207.523
10.553469388	207.455
10.559274376	207.387
10.565079365	207.374
10.570884354	207.765
10.576689342	208.418
10.582494331	209.603
10.588299320	211.754
10.594104308	217.265
10.599909297	219.679
10.605714286	218.286
10.611519274	217.516
10.617324263	217.484
10.623129252	217.995
10.628934240	217.892
10.634739229	218.23
10.640544218	218.507
10.646349206	218.582
10.652154195	218.882
10.657959184	218.877
10.663764172	218.99
10.669569161	219.036
10.675374150	219.04
10.681179138	219.045
10.686984127	218.996
10.692789116	218.956
10.698594104	218.826
10.704399093	218.785
10.710204082	218.791
10.716009070	218.798
10.721814059	219.014
10.727619048	219.419
10.733424036	219.956
10.739229025	220.788
10.745034014	221.437
10.750839002	224.977
10.756643991	238.381
10.762448980	241.706
10.768253968	242.859
10.774058957	243.766
10.779863946	244.094
10.785668934	243.671
10.791473923	243.556
10.797278912	243.222
10.803083900	243.104
10.808888889	243.519
10.814693878	243.847
10.820498866	244.239
10.826303855	244.617
10.832108844	244.811
10.837913832	244.976
10.843718821	245.166
10.849523810	245.313
10.855328798	245.36
10.861133787	245.488
10.866938776	245.408
10.872743764	245.249
10.878548753	244.993
10.884353741	244.525
10.890158730	243.582
10.895963719	242.402
10.901768707	0
10.907573696	0
10.913378685	0
10.919183673	0
10.924988662	217.238
10.930793651	218.571
10.936598639	217.293
10.942403628	217.757
10.948208617	218.441
10.954013605	218.225
10.959818594	218.611
10.965623583	218.932
10.971428571	219.038
10.977233560	219.262
10.983038549	219.358
10.988843537	219.364
10.994648526	219.309
11.000453515	219.338
11.006258503	218.863
11.012063492	218.429
11.017868481	218.389
11.023673469	217.062
11.029478458	215.195
11.035283447	210.046
11.041088435	208.487
11.046893424	205.215
11.052698413	205.583
11.058503401	205.502
11.064308390	205.856
11.070113379	206.298
11.075918367	206.2
11.081723356	206.528
11.087528345	206.595
11.093333333	206.94
11.099138322	207.253
11.104943311	207.351
11.110748299	207.499
11.116553288	207.427
11.122358277	207.437
11.128163265	207.322
11.133968254	207.24
11.139773243	207.229
11.145578231	207.144
11.151383220	207.152
11.157188209	207.154
11.162993197	207.093
11.168798186	207.065
11.174603175	207.139
11.180408163	207.173
11.186213152	207.342
11.192018141	207.401
11.197823129	207.394
11.203628118	207.422
11.209433107	207.243
11.215238095	206.998
11.221043084	206.469
11.226848073	205.763
11.232653061	204.561
11.238458050	203.429
11.244263039	202.356
11.250068027	199.006
11.255873016	196.813
11.261678005	195.601
11.267482993	194.094
11.273287982	194.336
11.279092971	194.283
11.284897959	194.361
11.290702948	194.562
11.296507937	194.422
11.302312925	194.584
11.308117914	194.433
11.313922902	194.427
11.319727891	194.476
11.325532880	194.54
11.331337868	194.591
11.337142857	194.569
11.342947846	194.53
11.348752834	194.481
11.354557823	194.51
11.360362812	194.52
11.366167800	194.609
11.371972789	194.69
11.377777778	194.686
11.383582766	194.847
11.389387755	194.91
11.395192744	195.016
11.400997732	195.138
11.406802721	195.304
11.412607710	195.344
11.418412698	195.272
11.424217687	195.284
11.430022676	195.188
11.435827664	195.071
11.441632653	195.062
11.447437642	195.068
11.453242630	195.065
11.459047619	195.091
11.464852608	195.2
11.470657596	195.383
11.476462585	195.498
11.482267574	195.63
11.488072562	195.788
11.493877551	195.759
11.499682540	195.746
11.505487528	195.709
11.511292517	195.595
11.517097506	195.503
11.522902494	195.456
11.528707483	195.451
11.534512472	195.332
11.540317460	195.341
11.546122449	195.373
11.551927438	195.44
11.557732426	195.562
11.563537415	195.64
11.569342404	195.7
11.575147392	195.775
11.580952381	195.816
11.586757370	195.827
11.592562358	195.943
11.598367347	195.804
11.604172336	195.651
11.609977324	195.51
11.615782313	195.153
11.621587302	194.799
11.627392290	194.574
11.633197279	194.276
11.639002268	193.986
11.644807256	193.676
11.650612245	193.472
11.656417234	193.383
11.662222222	193.466
11.668027211	193.746
11.673832200	194.03
11.679637188	194.275
11.685442177	194.568
11.691247166	194.764
11.697052154	194.885
11.702857143	195.055
11.708662132	195.05
11.714467120	195.106
11.720272109	195.191
11.726077098	195.261
11.731882086	195.531
11.737687075	195.695
11.743492063	195.776
11.749297052	195.811
11.755102041	195.864
11.760907029	196.027
11.766712018	196.303
11.772517007	196.651
11.778321995	197.003
11.784126984	197.225
11.789931973	197.473
11.795736961	197.754
11.801541950	197.799
11.807346939	197.635
11.813151927	197.405
11.818956916	196.998
11.824761905	196.589
11.830566893	196.511
11.836371882	196.363
11.842176871	196.282
11.847981859	195.82
11.853786848	194.819
11.859591837	194.703
11.865396825	194.816
11.871201814	0
11.877006803	0
11.882811791	0
11.888616780	0
11.894421769	0
11.900226757	0
11.906031746	0
11.911836735	0
11.917641723	0
11.923446712	0
11.929251701	0
11.935056689	0
11.940861678	0
11.946666667	0
11.952471655	0
11.958276644	0
11.964081633	0
11.969886621	0
11.975691610	0
11.981496599	0
11.987301587	0
11.993106576	0
11.998911565	0
12.004716553	0
12.010521542	0
12.016326531	0
12.022131519	0
12.027936508	0
12.033741497	0
12.039546485	0
12.045351474	0
12.051156463	0
12.056961451	0
12.062766440	0
12.068571429	0
12.074376417	0
12.080181406	0
12.085986395	0
12.091791383	0
12.097596372	0
12.103401361	0
12.109206349	0
12.115011338	0
12.120816327	0
12.126621315	0
12.132426304	0
12.138231293	0
12.144036281	0
12.149841270	200.147
12.155646259	208.509
12.161451247	204.198
12.167256236	204.693
12.173061224	205.127
12.178866213	205.326
12.184671202	206.456
12.190476190	208.083
12.196281179	210.125
12.202086168	212.009
12.207891156	213.786
12.213696145	214.496
12.219501134	215.111
12.225306122	215.65
12.231111111	215.697
12.236916100	216.284
12.242721088	216.449
12.248526077	216.414
12.254331066	216.685
12.260136054	216.794
12.265941043	217.056
12.271746032	217.423
12.277551020	217.592
12.283356009	217.763
12.289160998	217.934
12.294965986	218.118
12.300770975	218.263
12.306575964	218.628
12.312380952	218.775
12.318185941	218.883
12.323990930	219.035
12.329795918	219.019
12.335600907	218.935
12.341405896	218.81
12.347210884	218.517
12.353015873	218.114
12.358820862	217.503
12.364625850	217.07
12.370430839	216.558
12.376235828	215.666
12.382040816	0
12.387845805	0
12.393650794	0
12.399455782	0
12.405260771	0
12.411065760	0
12.416870748	182.478
12.422675737	182.517
12.428480726	182.422
12.434285714	182.494
12.440090703	182.284
12.445895692	182.346
12.451700680	182.083
12.457505669	182.236
12.463310658	182.245
12.469115646	182.818
12.474920635	183.672
12.480725624	187.578
12.486530612	191.193
12.492335601	192.479
12.498140590	193.344
12.503945578	194.329
12.509750567	194.698
12.515555556	195.372
12.521360544	195.662
12.527165533	195.812
12.532970522	195.992
12.538775510	196.033
12.544580499	195.9
12.550385488	195.609
12.556190476	195.09
12.561995465	194.251
12.567800454	189.941
12.573605442	181.426
12.579410431	182.998
12.585215420	183.128
12.591020408	182.853
12.596825397	183.533
12.602630385	183.134
12.608435374	183.337
12.614240363	183.332
12.620045351	183.337
12.625850340	183.332
12.631655329	183.184
12.637460317	183.067
12.643265306	183.008
12.649070295	182.93
12.654875283	182.717
12.660680272	182.509
12.666485261	181.581
12.672290249	0
12.678095238	161.296
12.683900227	160.912
12.689705215	161.527
12.695510204	161.721
12.701315193	162.001
12.707120181	162.064
12.712925170	162.174
12.718730159	162.318
12.724535147	162.405
12.730340136	162.547
12.736145125	162.602
12.741950113	162.693
12.747755102	162.736
12.753560091	162.805
12.759365079	162.982
12.765170068	163.084
12.770975057	163.241
12.776780045	163.375
12.782585034	163.481
12.788390023	163.58
12.794195011	163.632
12.800000000	163.652
12.805804989	163.624
12.811609977	163.639
12.817414966	163.643
12.823219955	163.629
12.829024943	163.66
12.834829932	163.71
12.840634921	163.699
12.846439909	163.755
12.852244898	163.812
12.858049887	163.866
12.863854875	163.932
12.869659864	163.928
12.875464853	163.842
12.881269841	163.708
12.887074830	163.347
12.892879819	162.898
12.898684807	0
12.904489796	150.607
12.910294785	146.889
12.916099773	145.551
12.921904762	144.836
12.927709751	144.859
12.933514739	144.796
12.939319728	144.776
12.945124717	144.94
12.950929705	144.966
12.956734694	144.945
12.962539683	145.074
12.968344671	145.141
12.974149660	145.161
12.979954649	145.227
12.985759637	145.217
12.991564626	145.216
12.997369615	145.327
13.003174603	145.34
13.008979592	145.27
13.014784580	145.196
13.020589569	145.062
13.026394558	144.984
13.032199546	144.907
13.038004535	144.813
13.043809524	144.812
13.049614512	144.916
13.055419501	145.008
13.061224490	145.092
13.067029478	145.158
13.072834467	145.224
13.078639456	145.35
13.084444444	145.508
13.090249433	145.572
13.096054422	145.535
13.101859410	145.511
13.107664399	145.417
13.113469388	145.435
13.119274376	145.458
13.125079365	145.411
13.130884354	145.442
13.136689342	145.507
13.142494331	145.501
13.148299320	145.566
13.154104308	145.605
13.159909297	145.597
13.165714286	145.609
13.171519274	145.667
13.177324263	145.646
13.183129252	145.659
13.188934240	145.716
13.194739229	145.747
13.200544218	145.84
13.206349206	145.812
13.212154195	145.683
13.217959184	145.5
13.223764172	145.203
13.229569161	144.916
13.235374150	144.768
13.241179138	143.884
13.246984127	135.549
13.252789116	130.482
13.258594104	130.797
13.264399093	129.74
13.270204082	130.031
13.276009070	130.459
13.281814059	130.207
13.287619048	130.634
13.293424036	130.623
13.299229025	130.715
13.305034014	130.862
13.310839002	130.595
13.316643991	130.781
13.322448980	130.838
13.328253968	130.714
13.334058957	130.81
13.339863946	130.678
13.345668934	130.673
13.351473923	130.702
13.357278912	130.746
13.363083900	130.805
13.368888889	130.751
13.374693878	130.757
13.380498866	130.9
13.386303855	130.99
13.392108844	131.065
13.397913832	131.133
13.403718821	131.084
13.409523810	131.08
13.415328798	131.195
13.421133787	132.079
13.426938776	134.833
13.432743764	143.853
13.438548753	144.368
13.444353741	145.853
13.450158730	146.06
13.455963719	146.45
13.461768707	145.528
13.467573696	145.211
13.473378685	145.926
13.479183673	145.911
13.484988662	145.916
13.490793651	146.074
13.496598639	145.963
13.502403628	145.98
13.508208617	146.042
13.514013605	146.008
13.519818594	146.016
13.525623583	145.958
13.531428571	145.894
13.537233560	145.836
13.543038549	145.858
13.548843537	145.815
13.554648526	145.771
13.560453515	145.794
13.566258503	145.813
13.572063492	145.937
13.577868481	146.035
13.583673469	146.11
13.589478458	146.143
13.595283447	146.159
13.601088435	146.153
13.606893424	146.197
13.612698413	146.175
13.618503401	146.189
13.624308390	146.264
13.630113379	146.23
13.635918367	146.298
13.641723356	146.376
13.647528345	146.458
13.653333333	146.555
13.659138322	146.764
13.664943311	147.114
13.670748299	147.437
13.676553288	148.354
13.682358277	155.744
13.688163265	158.008
13.693968254	161.516
13.699773243	163.412
13.705578231	163.206
13.711383220	163.098
13.717188209	163.11
13.722993197	163.027
13.728798186	163.135
13.734603175	163.265
13.740408163	163.291
13.746213152	163.396
13.752018141	163.447
13.757823129	163.548
13.763628118	163.644
13.769433107	163.696
13.775238095	163.777
13.781043084	163.679
13.786848073	163.701
13.792653061	163.725
13.798458050	163.605
13.804263039	163.301
13.810068027	162.796
13.815873016	153.703
13.821678005	146.298
13.827482993	145.845
13.833287982	145.63
13.839092971	145.858
13.844897959	145.826
13.850702948	145.965
13.856507937	146.005
13.862312925	146.083
13.868117914	146.183
13.873922902	146.221
13.879727891	146.219
13.885532880	146.17
13.891337868	146.268
13.897142857	146.247
13.902947846	146.278
13.908752834	146.33
13.914557823	146.31
13.920362812	146.387
13.926167800	146.425
13.931972789	146.39
13.937777778	146.368
13.943582766	146.373
13.949387755	146.395
13.955192744	146.458
13.960997732	146.408
13.966802721	146.221
13.972607710	146
13.978412698	145.398
13.984217687	138.211
13.990022676	138.094
13.995827664	137.681
14.001632653	137.639
14.007437642	137.594
14.013242630	137.78
14.019047619	138.213
14.024852608	137.893
14.030657596	138.097
14.036462585	138.13
14.042267574	138.112
14.048072562	138.231
14.053877551	138.244
14.059682540	138.271
14.065487528	138.293
14.071292517	138.313
14.077097506	138.369
14.082902494	138.415
14.088707483	138.469
14.094512472	138.497
14.100317460	138.559
14.106122449	138.584
14.111927438	138.652
14.117732426	138.671
14.123537415	138.677
14.129342404	138.677
14.135147392	138.649
14.140952381	138.676
14.146757370	138.61
14.152562358	138.652
14.158367347	138.713
14.164172336	138.78
14.169977324	138.83
14.175782313	138.815
14.181587302	138.804
14.187392290	138.735
14.193197279	138.713
14.199002268	138.77
14.204807256	138.778
14.210612245	138.811
14.216417234	138.84
14.222222222	138.876
14.228027211	138.901
14.233832200	139.026
14.239637188	139.43
14.245442177	139.769
14.251247166	140.633
14.257052154	142.705
14.262857143	146.424
14.268662132	146.824
14.274467120	146.065
14.280272109	146.847
14.286077098	147.237
14.291882086	147.616
14.297687075	146.688
14.303492063	145.656
14.309297052	145.72
14.315102041	145.821
14.320907029	145.9
14.326712018	145.92
14.332517007	145.924
14.338321995	146.002
14.344126984	146.1
14.349931973	146.203
14.355736961	146.267
14.361541950	146.283
14.367346939	146.266
14.373151927	146.217
14.378956916	146.22
14.384761905	146.228
14.390566893	146.19
14.396371882	146.159
14.402176871	146.149
14.407981859	146.164
14.413786848	146.208
14.419591837	146.318
14.425396825	146.416
14.431201814	146.471
14.437006803	146.577
14.442811791	146.669
14.448616780	146.759
14.454421769	146.829
14.460226757	146.85
14.466031746	146.911
14.471836735	146.907
14.477641723	146.981
14.483446712	147.057
14.489251701	147.046
14.495056689	146.75
14.500861678	145.444
14.506666667	139.005
14.512471655	137.677
14.518276644	0
14.524081633	0
14.529886621	0
14.535691610	0
14.541496599	122.726
14.547301587	122.325
14.553106576	122.557
14.558911565	122.726
14.564716553	122.75
14.570521542	123.066
14.576326531	123.226
14.582131519	123.307
14.587936508	123.531
14.593741497	123.696
14.599546485	123.678
14.605351474	123.739
14.611156463	123.788
14.616961451	123.705
14.622766440	123.698
14.628571429	123.732
14.634376417	123.713
14.640181406	123.559
14.645986395	123.513
14.651791383	123.433
14.657596372	123.331
14.663401361	123.355
14.669206349	123.403
14.675011338	123.472
14.680816327	123.469
14.686621315	123.515
14.692426304	123.56
14.698231293	123.609
14.704036281	123.725
14.709841270	123.776
14.715646259	123.808
14.721451247	123.792
14.727256236	123.762
14.733061224	123.739
14.738866213	123.781
14.744671202	123.81
14.750476190	123.852
14.756281179	123.884
14.762086168	123.843
14.767891156	123.792
14.773696145	123.668
14.779501134	123.565
14.785306122	123.369
14.791111111	123.18
14.796916100	123.09
14.802721088	123.034
14.808526077	0
14.814331066	0
14.820136054	0
14.825941043	0
14.831746032	0
14.837551020	0
14.843356009	0
14.849160998	0
14.854965986	0
14.860770975	0
14.866575964	196.339
14.872380952	195.044
14.878185941	195.436
14.883990930	195.876
14.889795918	195.436
14.895600907	195.941
14.901405896	195.654
14.907210884	195.901
14.913015873	195.983
14.918820862	195.901
14.924625850	196.051
14.930430839	195.939
14.936235828	196.045
14.942040816	196.116
14.947845805	196.137
14.953650794	196.241
14.959455782	196.187
14.965260771	196.167
14.971065760	196.285
14.976870748	196.268
14.982675737	196.361
14.988480726	196.458
14.994285714	196.478
15.000090703	196.68
15.005895692	196.717
15.011700680	196.833
15.017505669	196.917
15.023310658	196.883
15.029115646	197.19
15.034920635	197.748
15.040725624	0
15.046530612	0
15.052335601	0
15.058140590	0
15.063945578	0
15.069750567	0
15.075555556	0
15.081360544	0
15.087165533	0
15.092970522	0
15.098775510	147.63
15.104580499	144.006
15.110385488	145.805
15.116190476	145.998
15.121995465	145.256
15.127800454	145.525
15.133605442	145.577
15.139410431	145.625
15.145215420	145.783
15.151020408	145.892
15.156825397	145.991
15.162630385	146.088
15.168435374	146.122
15.174240363	146.053
15.180045351	145.994
15.185850340	145.955
15.191655329	145.915
15.197460317	145.938
15.203265306	145.916
15.209070295	145.878
15.214875283	145.862
15.220680272	145.799
15.226485261	145.8
15.232290249	145.836
15.238095238	145.859
15.243900227	145.899
15.249705215	145.994
15.255510204	146.042
15.261315193	146.151
15.267120181	146.261
15.272925170	146.341
15.278730159	146.397
15.284535147	146.401
15.290340136	146.414
15.296145125	146.459
15.301950113	146.485
15.307755102	146.479
15.313560091	146.471
15.319365079	146.467
15.325170068	146.499
15.330975057	146.439
15.336780045	146.438
15.342585034	146.223
15.348390023	146.051
15.354195011	145.992
15.360000000	145.87
15.365804989	145.473
15.371609977	145.307
15.377414966	144.121
15.383219955	0
15.389024943	0
15.394829932	0
15.400634921	0
15.406439909	0
15.412244898	0
15.418049887	122.941
15.423854875	122.899
15.429659864	122.923
15.435464853	122.954
15.441269841	122.973
15.447074830	123.013
15.452879819	123.071
15.458684807	123.096
15.464489796	123.1
15.470294785	123.242
15.476099773	123.158
15.481904762	123.167
15.487709751	123.234
15.493514739	123.122
15.499319728	123.236
15.505124717	123.154
15.510929705	123.27
15.516734694	123.176
15.522539683	123.183
15.528344671	123.284
15.534149660	123.258
15.539954649	123.34
15.545759637	123.399
15.551564626	123.471
15.557369615	123.482
15.563174603	123.592
15.568979592	123.708
15.574784580	123.89
15.580589569	123.844
15.586394558	0
15.592199546	0
15.598004535	0
15.603809524	0
15.609614512	0
15.615419501	0
15.621224490	0
15.627029478	0
15.632834467	0
15.638639456	0
15.644444444	166.733
15.650249433	164.337
15.656054422	163.903
15.661859410	164.132
15.667664399	163.797
15.673469388	163.884
15.679274376	164.025
15.685079365	164.231
15.690884354	164.506
15.696689342	164.673
15.702494331	164.805
15.708299320	164.767
15.714104308	164.912
15.719909297	164.966
15.725714286	164.978
15.731519274	164.91
15.737324263	164.922
15.743129252	165.117
15.748934240	165
15.754739229	164.906
15.760544218	164.784
15.766349206	164.798
15.772154195	164.814
15.777959184	164.693
15.783764172	164.482
15.789569161	164.463
15.795374150	164.558
15.801179138	164.684
15.806984127	164.5
15.812789116	164.555
15.818594104	164.791
15.824399093	164.823
15.830204082	165.047
15.836009070	164.935
15.841814059	164.834
15.847619048	165.075
15.853424036	165.281
15.859229025	165.345
15.865034014	165.353
15.870839002	165.211
15.876643991	164.993
15.882448980	165.089
15.888253968	165.167
15.894058957	165.01
15.899863946	165.351
15.905668934	165.44
15.911473923	164.722
15.917278912	164.855
15.923083900	0
15.928888889	0
15.934693878	0
15.940498866	0
15.946303855	0
15.952108844	0
15.957913832	183.586
15.963718821	183.104
15.969523810	183.691
15.975328798	183.976
15.981133787	184.008
15.986938776	184.423
15.992743764	184.435
15.998548753	184.629
16.004353741	184.772
16.010158730	184.73
16.015963719	184.793
16.021768707	184.825
16.027573696	184.783
16.033378685	184.656
16.039183673	184.595
16.044988662	184.503
16.050793651	184.464
16.056598639	184.338
16.062403628	184.336
16.068208617	184.286
16.074013605	184.394
16.079818594	184.496
16.085623583	184.636
16.091428571	184.794
16.097233560	184.867
16.103038549	185.006
16.108843537	185.066
16.114648526	185.14
16.120453515	185.095
16.126258503	185.135
16.132063492	185.013
16.137868481	185.031
16.143673469	185.425
16.149478458	185.549
16.155283447	186.138
16.161088435	187.176
16.166893424	186.595
16.172698413	187.5
16.178503401	188.387
16.184308390	192.725
16.190113379	195.599
16.195918367	196.425
16.201723356	196.103
16.207528345	196.486
16.213333333	196.626
16.219138322	196.755
16.224943311	197.105
16.230748299	197.109
16.236553288	197.144
16.242358277	197.047
16.248163265	196.731
16.253968254	196.718
16.259773243	196.534
16.265578231	196.218
16.271383220	196.171
16.277188209	195.824
16.282993197	195.534
16.288798186	195.583
16.294603175	195.562
16.300408163	195.613
16.306213152	195.778
16.312018141	195.729
16.317823129	195.853
16.323628118	195.864
16.329433107	195.905
16.335238095	196.095
16.341043084	196.295
16.346848073	196.495
16.352653061	196.451
16.358458050	196.427
16.364263039	196.367
16.370068027	196.363
16.375873016	196.629
16.381678005	196.594
16.387482993	196.739
16.393287982	196.72
16.399092971	196.745
16.404897959	196.707
16.410702948	196.838
16.416507937	197.272
16.422312925	197.551
16.428117914	198.148
16.433922902	198.581
16.439727891	199.292
16.445532880	0
16.451337868	0
16.457142857	0
16.462947846	0
16.468752834	0
16.474557823	0
16.480362812	0
16.486167800	0
16.491972789	253.317
16.497777778	253.805
16.503582766	254.685
16.509387755	254.823
16.515192744	255.358
16.520997732	255.877
16.526802721	256.545
16.532607710	257.015
16.538412698	257.795
16.544217687	258.097
16.550022676	258.457
16.555827664	258.819
16.561632653	259.264
16.567437642	259.39
16.573242630	259.691
16.579047619	259.891
16.584852608	260.029
16.590657596	260.069
16.596462585	260.21
16.602267574	260.283
16.608072562	260.214
16.613877551	260.392
16.619682540	260.394
16.625487528	260.417
16.631292517	260.468
16.637097506	260.444
16.642902494	260.57
16.648707483	260.666
16.654512472	260.724
16.660317460	260.978
16.666122449	261.09
16.671927438	261.229
16.677732426	261.376
16.683537415	261.054
16.689342404	260.835
16.695147392	260.863
16.700952381	260.956
16.706757370	260.844
16.712562358	260.835
16.718367347	260.057
16.724172336	259.041
16.729977324	258.775
16.735782313	258.223
16.741587302	257.727
16.747392290	257.99
16.753197279	258.252
16.759002268	258.724
16.764807256	0
16.770612245	0
16.776417234	0
16.782222222	0
16.788027211	0
16.793832200	0
16.799637188	0
16.805442177	0
16.811247166	0
16.817052154	0
16.822857143	0
16.828662132	0
16.834467120	0
16.840272109	0
16.846077098	0
16.851882086	0
16.857687075	0
16.863492063	0
16.869297052	0
16.875102041	0
16.880907029	0
16.886712018	0
16.892517007	0
16.898321995	0
16.904126984	0
16.909931973	0
16.915736961	0
16.921541950	0
16.927346939	0
16.933151927	0
16.938956916	0
16.944761905	0
16.950566893	0
16.956371882	0
16.962176871	0
16.967981859	0
16.973786848	0
16.979591837	0
16.985396825	0
16.991201814	0
16.997006803	0
17.002811791	0
17.008616780	0
17.014421769	0
17.020226757	0
17.026031746	0
17.031836735	0
17.037641723	222.938
17.043446712	216.039
17.049251701	215.581
17.055056689	217.531
17.060861678	216.586
17.066666667	217.991
17.072471655	218.009
17.078276644	218.148
17.084081633	218.916
17.089886621	218.67
17.095691610	219.179
17.101496599	219.314
17.107301587	219.273
17.113106576	219.371
17.118911565	219.336
17.124716553	219.343
17.130521542	219.335
17.136326531	219.343
17.142131519	219.355
17.147936508	219.329
17.153741497	219.352
17.159546485	219.432
17.165351474	219.497
17.171156463	219.584
17.176961451	219.665
17.182766440	219.684
17.188571429	219.811
17.194376417	219.804
17.200181406	219.824
17.205986395	219.914
17.211791383	219.897
17.217596372	220.01
17.223401361	220.247
17.229206349	220.418
17.235011338	220.819
17.240816327	221.641
17.246621315	222.696
17.252426304	224.488
17.258231293	226.471
17.264036281	224.848
17.269841270	226.628
17.275646259	235.948
17.281451247	0
17.287256236	258.401
17.293061224	258.112
17.298866213	258.726
17.304671202	258.783
17.310476190	259.223
17.316281179	259.456
17.322086168	259.801
17.327891156	259.811
17.333696145	260.085
17.339501134	260.241
17.345306122	260.184
17.351111111	260.377
17.356916100	260.217
17.362721088	260.215
17.368526077	259.992
17.374331066	259.813
17.380136054	259.54
17.385941043	259.431
17.391746032	259.102
17.397551020	259.354
17.403356009	259.229
17.409160998	259.388
17.414965986	259.212
17.420770975	259.454
17.426575964	259.22
17.432380952	259.642
17.438185941	259.929
17.443990930	259.781
17.449795918	260.113
17.455600907	260.012
17.461405896	260.23
17.467210884	260.362
17.473015873	260.591
17.478820862	260.529
17.484625850	260.573
17.490430839	260.467
17.496235828	260.606
17.502040816	260.523
17.507845805	260.49
17.513650794	260.346
17.519455782	260.224
17.525260771	260.214
17.531065760	260.155
17.536870748	260.364
17.542675737	260.359
17.548480726	260.536
17.554285714	261.972
17.560090703	264.314
17.565895692	268.608
17.571700680	269.507
17.577505669	270.571
17.583310658	271.448
17.589115646	272.023
17.594920635	272.921
17.600725624	273.548
17.606530612	274.418
17.612335601	275.419
17.618140590	276.222
17.623945578	277.736
17.629750567	278.753
17.635555556	280.07
17.641360544	281.301
17.647165533	282.279
17.652970522	283.355
17.658775510	283.96
17.664580499	284.614
17.670385488	284.914
17.676190476	285.225
17.681995465	285.525
17.687800454	285.799
17.693605442	286.018
17.699410431	286.111
17.705215420	286.049
17.711020408	286.073
17.716825397	286.279
17.722630385	286.668
17.728435374	287.003
17.734240363	287.484
17.740045351	287.906
17.745850340	288.322
17.751655329	288.881
17.757460317	289.269
17.763265306	289.59
17.769070295	289.973
17.774875283	290.015
17.780680272	289.982
17.786485261	290.059
17.792290249	289.922
17.798095238	290.028
17.803900227	290.155
17.809705215	290.338
17.815510204	290.627
17.821315193	290.833
17.827120181	290.899
17.832925170	290.923
17.838730159	290.863
17.844535147	290.911
17.850340136	291.027
17.856145125	290.973
17.861950113	291.131
17.867755102	291.185
17.873560091	291.33
17.879365079	291.643
17.885170068	291.862
17.890975057	291.76
17.896780045	291.696
17.902585034	291.558
17.908390023	291.451
17.914195011	291.562
17.920000000	291.477
17.925804989	291.322
17.931609977	291.175
17.937414966	291.024
17.943219955	290.998
17.949024943	290.938
17.954829932	290.984
17.960634921	291.046
17.966439909	291.091
17.972244898	291.345
17.978049887	291.432
17.983854875	291.677
17.989659864	291.763
17.995464853	291.618
18.001269841	291.614
18.007074830	291.543
18.012879819	291.491
18.018684807	291.578
18.024489796	291.541
18.030294785	291.552
18.036099773	291.748
18.041904762	291.821
18.047709751	291.912
18.053514739	292.018
18.059319728	291.989
18.065124717	292.114
18.070929705	292.314
18.076734694	292.47
18.082539683	292.699
18.088344671	292.85
18.094149660	293.05
18.099954649	293.283
18.105759637	293.373
18.111564626	293.496
18.117369615	293.588
18.123174603	293.502
18.128979592	293.569
18.134784580	293.609
18.140589569	293.609
18.146394558	293.807
18.152199546	293.858
18.158004535	293.837
18.163809524	293.822
18.169614512	293.597
18.175419501	293.42
18.181224490	293.272
18.187029478	293.096
18.192834467	292.878
18.192834467	292.878
18.198639456	292.687
18.204444444	292.518
18.210249433	292.12
18.216054422	291.737
18.221859410	291.161
18.227664399	290.481
18.233469388	289.881
18.239274376	289.393
18.245079365	288.901
18.250884354	288.436
18.256689342	288.134
18.262494331	287.956
18.268299320	287.921
18.274104308	287.98
18.279909297	288.141
18.285714286	288.357
18.291519274	288.539
18.297324263	288.775
18.303129252	289.219
18.308934240	289.617
18.314739229	290.016
18.320544218	290.299
18.326349206	290.449
18.332154195	290.586
18.337959184	290.818
18.343764172	291.073
18.349569161	291.263
18.355374150	291.406
18.361179138	291.479
18.366984127	291.461
18.372789116	291.619
18.378594104	291.83
18.384399093	291.944
18.390204082	292.15
18.396009070	292.158
18.401814059	292.138
18.407619048	292.31
18.413424036	292.484
18.419229025	292.501
18.425034014	292.484
18.430839002	292.333
18.436643991	292.112
18.442448980	292.028
18.448253968	291.743
18.454058957	291.486
18.459863946	291.359
18.465668934	291.18
18.471473923	290.815
18.477278912	290.411
18.483083900	289.885
18.488888889	289.413
18.494693878	289.216
18.500498866	289.166
18.506303855	289.149
18.512108844	289.24
18.517913832	289.297
18.523718821	289.412
18.529523810	289.709
18.535328798	289.957
18.541133787	290.362
18.546938776	290.74
18.552743764	291.065
18.558548753	291.509
18.564353741	291.978
18.570158730	292.345
18.575963719	292.685
18.581768707	292.92
18.587573696	292.901
18.593378685	292.843
18.599183673	292.692
18.604988662	292.517
18.610793651	292.637
18.616598639	292.792
18.622403628	292.912
18.628208617	292.644
18.634013605	292.153
18.639818594	291.77
18.645623583	291.42
18.651428571	291.118
18.657233560	290.815
18.663038549	290.394
18.668843537	289.958
18.674648526	289.459
18.680453515	289.061
18.686258503	288.799
18.692063492	288.639
18.697868481	288.696
18.703673469	288.908
18.709478458	289.169
18.715283447	289.477
18.721088435	289.764
18.726893424	289.996
18.732698413	290.373
18.738503401	290.845
18.744308390	291.497
18.750113379	292.106