0.330884354	299.216
0.336689342	297.924
0.342494331	297.947
0.348299320	297.699
0.354104308	296.993
0.359909297	297.249
0.365714286	296.969
0.371519274	297.033
0.377324263	297.001
0.383129252	296.738
0.388934240	296.544
0.394739229	296.477
0.400544218	296.36
0.406349206	296.314
0.412154195	293.953
0.417959184	292.726
0.423764172	292.825
0.429569161	294.452
0.435374150	295.451
0.441179138	296.317
0.446984127	296.894
0.452789116	297.468
0.458594104	297.793
0.464399093	297.849
0.470204082	297.964
0.476009070	297.871
0.481814059	297.776
0.487619048	297.739
0.493424036	297.735
0.499229025	297.691
0.505034014	297.626
0.510839002	297.534
0.516643991	297.453
0.522448980	297.367
0.528253968	297.334
0.534058957	297.335
0.539863946	297.195
0.545668934	297.025
0.551473923	296.832
0.557278912	296.589
0.563083900	296.562
0.568888889	296.634
0.574693878	296.84
0.580498866	296.996
0.586303855	297.115
0.592108844	297.187
0.597913832	297.269
0.603718821	297.366
0.609523810	297.461
0.615328798	297.551
0.621133787	297.613
0.626938776	297.664
0.632743764	297.721
0.638548753	297.896
0.644353741	298.28
0.650158730	298.902
0.655963719	299.689
0.661768707	300.722
0.667573696	301.62
0.673378685	302.54
0.679183673	303.242
0.684988662	304.064
0.690793651	305.078
0.696598639	306.203
0.702403628	307.23
0.708208617	308.97
0.714013605	309.758
0.719818594	310.723
0.725623583	311.222
0.731428571	311.103
0.737233560	312.661
0.743038549	313.948
0.748843537	315.311
0.754648526	316.724
0.760453515	317.621
0.766258503	321.42
0.772063492	325.978
0.777868481	326.175
0.783673469	327.972
0.789478458	329.84
0.795283447	331.661
0.801088435	335.922
0.806893424	337.088
0.812698413	338.467
0.818503401	338.473
0.824308390	341.909
0.830113379	348.358
0.835918367	351.463
0.841723356	353.383
0.847528345	355.302
0.853333333	357.378
0.859138322	359.783
0.864943311	363.453
0.870748299	369.06
0.876553288	373.486
0.882358277	377.305
0.888163265	382.461
0.893968254	388.712
0.899773243	392.023
0.905578231	395.124
0.911383220	397.996
0.917188209	399.136
0.922993197	400.336
0.928798186	401.328
0.934603175	0
0.940408163	0
0.946213152	0
0.952018141	0
0.957823129	0
0.963628118	0
0.969433107	600.409
0.975238095	600.654
0.981043084	600.671
0.986848073	600.41
0.992653061	599.917
0.998458050	599.688
1.004263039	599.389
1.010068027	599.283
1.015873016	599.314
1.021678005	599.249
1.027482993	599.514
1.033287982	599.705
1.039092971	599.749
1.044897959	599.688
1.050702948	599.711
1.056507937	598.566
1.062312925	598.469
1.068117914	598.968
1.073922902	597.778
1.079727891	598.239
1.085532880	597.775
1.091337868	597.324
1.097142857	597.44
1.102947846	597.386
1.108752834	597.456
1.114557823	597.595
1.120362812	597.212
1.126167800	596.686
1.131972789	596.846
1.137777778	597.143
1.143582766	596.608
1.149387755	597.747
1.155192744	596.905
1.160997732	596.318
1.166802721	596.947
1.172607710	596.366
1.178412698	596.171
1.184217687	596.213
1.190022676	594.349
1.195827664	593.481
1.201632653	593.402
1.207437642	592.747
1.213242630	592.794
1.219047619	592.53
1.224852608	592.842
1.230657596	592.774
1.236462585	592.961
1.242267574	593.423
1.248072562	592.966
1.253877551	592.884
1.259682540	591.099
1.265487528	584.096
1.271292517	588.13
1.277097506	580.81
1.282902494	565.209
1.288707483	0
1.294512472	0
1.300317460	0
1.306122449	0
1.311927438	0
1.317732426	0
1.323537415	0
1.329342404	0
1.335147392	0
1.340952381	0
1.346757370	0
1.352562358	0
1.358367347	0
1.364172336	609.922
1.369977324	596.705
1.375782313	594.638
1.381587302	594.744
1.387392290	595.49
1.393197279	596.223
1.399002268	596.433
1.404807256	595.883
1.410612245	595.021
1.416417234	594.418
1.422222222	594.465
1.428027211	594.78
1.433832200	594.197
1.439637188	594.05
1.445442177	593.747
1.451247166	593.22
1.457052154	592.317
1.462857143	590.859
1.468662132	589.082
1.474467120	586.984
1.480272109	584.456
1.486077098	581.279
1.491882086	576.186
1.497687075	568.643
1.503492063	561.235
1.509297052	553.167
1.515102041	545.872
1.520907029	539.856
1.526712018	537.611
1.532517007	532.063
1.538321995	526.203
1.544126984	524.924
1.549931973	519.199
1.555736961	516.324
1.561541950	513.199
1.567346939	511.573
1.573151927	510.126
1.578956916	509.339
1.584761905	508.611
1.590566893	504.115
1.596371882	507.405
1.602176871	505.583
1.607981859	507.197
1.613786848	507.913
1.619591837	505.348
1.625396825	505.391
1.631201814	503.601
1.637006803	502.401
1.642811791	502.466
1.648616780	503.245
1.654421769	501.691
1.660226757	502.128
1.666031746	502.136
1.671836735	501.174
1.677641723	502.408
1.683446712	501.586
1.689251701	501.807
1.695056689	501.317
1.700861678	501.641
1.706666667	501.086
1.712471655	501.77
1.718276644	501.466
1.724081633	501.564
1.729886621	502.122
1.735691610	501.596
1.741496599	502.066
1.747301587	501.679
1.753106576	502.08
1.758911565	502.29
1.764716553	502.634
1.770521542	501.884
1.776326531	502.064
1.782131519	501.22
1.787936508	501.222
1.793741497	501.766
1.799546485	501.063
1.805351474	504.003
1.811156463	0
1.816961451	554.05
1.822766440	579.562
1.828571429	588.813
1.834376417	591.387
1.840181406	593.901
1.845986395	594.064
1.851791383	596.012
1.857596372	595.394
1.863401361	596.377
1.869206349	595.1
1.875011338	596.138
1.880816327	594.933
1.886621315	594.657
1.892426304	594.369
1.898231293	593.338
1.904036281	593.679
1.909841270	593.172
1.915646259	593.652
1.921451247	593.038
1.927256236	593.462
1.933061224	592.887
1.938866213	593.391
1.944671202	593.348
1.950476190	593.954
1.956281179	594.078
1.962086168	594.555
1.967891156	595.569
1.973696145	595.755
1.979501134	597.358
1.985306122	597.57
1.991111111	598.116
1.996916100	598.674
2.002721088	598.354
2.008526077	598.183
2.014331066	597.392
2.020136054	596.842
2.025941043	596.021
2.031746032	594.634
2.037551020	593.874
2.043356009	591.815
2.049160998	586.935
2.054965986	559.022
2.060770975	0
2.066575964	503.355
2.072380952	504.721
2.078185941	506.222
2.083990930	515.745
2.089795918	534.373
2.095600907	544.185
2.101405896	551.606
2.107210884	556.733
2.113015873	555.197
2.118820862	554.168
2.124625850	552.061
2.130430839	546.31
2.136235828	530.266
2.142040816	516.118
2.147845805	508.439
2.153650794	504.04
2.159455782	505.269
2.165260771	502.961
2.171065760	503.896
2.176870748	503.357
2.182675737	502.806
2.188480726	503.118
2.194285714	502.909
2.200090703	503.09
2.205895692	502.515
2.211700680	503.449
2.217505669	501.969
2.223310658	503.41
2.229115646	502.85
2.234920635	500.888
2.240725624	502.043
2.246530612	501.682
2.252335601	500.836
2.258140590	501.832
2.263945578	501.735
2.269750567	500.891
2.275555556	502.106
2.281360544	501.16
2.287165533	501.543
2.292970522	501.479
2.298775510	501.44
2.304580499	501.523
2.310385488	501.3
2.316190476	501.674
2.321995465	500.228
2.327800454	500.608
2.333605442	499.841
2.339410431	504.06
2.345215420	511.313
2.351020408	0
2.356825397	0
2.362630385	0
2.368435374	0
2.374240363	398.538
2.380045351	399.021
2.385850340	399.431
2.391655329	399.233
2.397460317	399.681
2.403265306	399.172
2.409070295	399.531
2.414875283	399.394
2.420680272	399.263
2.426485261	399.585
2.432290249	399.679
2.438095238	399.671
2.443900227	399.822
2.449705215	399.671
2.455510204	399.657
2.461315193	399.685
2.467120181	399.409
2.472925170	399.412
2.478730159	399.265
2.484535147	399.151
2.490340136	399.127
2.496145125	399.162
2.501950113	398.92
2.507755102	399.177
2.513560091	399.231
2.519365079	399.683
2.525170068	400.136
2.530975057	400.361
2.536780045	400.774
2.542585034	400.793
2.548390023	401.067
2.554195011	400.94
2.560000000	400.62
2.565804989	400.241
2.571609977	399.581
2.577414966	398.991
2.583219955	398.625
2.589024943	398.773
2.594829932	399.427
2.600634921	401.648
2.606439909	0
2.612244898	0
2.618049887	0
2.623854875	335.848
2.629659864	336.402
2.635464853	336.407
2.641269841	336.213
2.647074830	336.525
2.652879819	341.289
2.658684807	354.85
2.664489796	364.274
2.670294785	369.774
2.676099773	373.791
2.681904762	373.948
2.687709751	374.149
2.693514739	373.246
2.699319728	368.141
2.705124717	363.416
2.710929705	356.959
2.716734694	344.674
2.722539683	336.224
2.728344671	335.097
2.734149660	334.847
2.739954649	334.67
2.745759637	334.82
2.751564626	335.004
2.757369615	335.192
2.763174603	335.552
2.768979592	335.699
2.774784580	335.867
2.780589569	335.748
2.786394558	335.796
2.792199546	335.727
2.798004535	335.819
2.803809524	335.84
2.809614512	335.922
2.815419501	335.868
2.821224490	335.891
2.827029478	335.862
2.832834467	335.725
2.838639456	335.785
2.844444444	335.761
2.850249433	335.833
2.856054422	336.009
2.861859410	336.032
2.867664399	335.893
2.873469388	335.741
2.879274376	335.438
2.885079365	335.173
2.890884354	334.948
2.896689342	334.641
2.902494331	334.017
2.908299320	332.373
2.914104308	328.75
2.919909297	0
2.925714286	296.484
2.931519274	295.463
2.937324263	294.972
2.943129252	295.334
2.948934240	295.218
2.954739229	295.277
2.960544218	295.171
2.966349206	295.124
2.972154195	295.111
2.977959184	295.007
2.983764172	295.235
2.989569161	295.11
2.995374150	295.156
3.001179138	295.054
3.006984127	295.321
3.012789116	295.188
3.018594104	295.589
3.024399093	295.332
3.030204082	295.495
3.036009070	295.421
3.041814059	295.835
3.047619048	296.194
3.053424036	296.36
3.059229025	296.687
3.065034014	296.584
3.070839002	296.665
3.076643991	296.685
3.082448980	296.724
3.088253968	296.623
3.094058957	296.698
3.099863946	296.595
3.105668934	296.635
3.111473923	296.658
3.117278912	296.662
3.123083900	296.689
3.128888889	296.732
3.134693878	296.888
3.140498866	296.805
3.146303855	297.009
3.152108844	296.868
3.157913832	296.73
3.163718821	296.664
3.169523810	296.272
3.175328798	295.986
3.181133787	295.566
3.186938776	294.947
3.192743764	294.332
3.198548753	293.551
3.204353741	293.953
3.210158730	0
3.215963719	0
3.221768707	0
3.227573696	0
3.233378685	0
3.239183673	0
3.244988662	195.205
3.250793651	195.766
3.256598639	196.318
3.262403628	196.779
3.268208617	197.115
3.274013605	197.326
3.279818594	197.407
3.285623583	197.223
3.291428571	197.028
3.297233560	196.796
3.303038549	196.487
3.308843537	196.54
3.314648526	196.338
3.320453515	196.465
3.326258503	196.528
3.332063492	196.499
3.337868481	196.607
3.343673469	196.554
3.349478458	196.639
3.355283447	196.756
3.361088435	197.102
3.366893424	197.417
3.372698413	197.482
3.378503401	197.374
3.384308390	196.952
3.390113379	196.841
3.395918367	196.836
3.401723356	197.11
3.407528345	197.28
3.413333333	197.217
3.419138322	197.187
3.424943311	197.099
3.430748299	197.211
3.436553288	197.324
3.442358277	197.206
3.448163265	197.242
3.453968254	197.214
3.459773243	197.143
3.465578231	197.458
3.471383220	0
3.477188209	0
3.482993197	0
3.488798186	0
3.494603175	0
3.500408163	0
3.506213152	298.784
3.512018141	298.519
3.517823129	298.601
3.523628118	298.867
3.529433107	299.959
3.535238095	301.211
3.541043084	301.341
3.546848073	300.653
3.552653061	299.436
3.558458050	298.872
3.564263039	298.488
3.570068027	298.162
3.575873016	297.668
3.581678005	297.321
3.587482993	297.116
3.593287982	296.669
3.599092971	297.756
3.604897959	297.401
3.610702948	297.515
3.616507937	297.993
3.622312925	296.74
3.628117914	296.785
3.633922902	297.196
3.639727891	297.434
3.645532880	298.622
3.651337868	299.641
3.657142857	299.671
3.662947846	299.509
3.668752834	299.355
3.674557823	298.607
3.680362812	298.534
3.686167800	0
3.691972789	0
3.697777778	0
3.703582766	0
3.709387755	391.777
3.715192744	392.691
3.720997732	393.439
3.726802721	393.851
3.732607710	393.968
3.738412698	394.133
3.744217687	394.146
3.750022676	393.97
3.755827664	393.836
3.761632653	393.52
3.767437642	393.282
3.773242630	393.121
3.779047619	393.096
3.784852608	393.043
3.790657596	393.105
3.796462585	393.037
3.802267574	392.959
3.808072562	392.978
3.813877551	392.777
3.819682540	392.777
3.825487528	392.675
3.831292517	392.662
3.837097506	392.674
3.842902494	392.679
3.848707483	392.464
3.854512472	392.172
3.860317460	391.947
3.866122449	391.758
3.871927438	391.739
3.877732426	391.888
3.883537415	391.957
3.889342404	392.106
3.895147392	392.308
3.900952381	392.375
3.906757370	392.414
3.912562358	392.364
3.918367347	392.467
3.924172336	392.513
3.929977324	392.514
3.935782313	392.564
3.941587302	392.364
3.947392290	392.365
3.953197279	392.329
3.959002268	392.361
3.964807256	392.57
3.970612245	392.675
3.976417234	392.799
3.982222222	392.831
3.988027211	392.821
3.993832200	392.863
3.999637188	392.819
4.005442177	392.804
4.011247166	392.829
4.017052154	392.858
4.022857143	392.993
4.028662132	393.116
4.034467120	393.09
4.040272109	392.994
4.046077098	393.001
4.051882086	393.042
4.057687075	393.124
4.063492063	393.09
4.069297052	393.013
4.075102041	392.827
4.080907029	392.796
4.086712018	392.816
4.092517007	392.842
4.098321995	393.102
4.104126984	393.194
4.109931973	393.364
4.115736961	393.405
4.121541950	393.443
4.127346939	393.351
4.133151927	393.315
4.138956916	393.363
4.144761905	393.349
4.150566893	393.503
4.156371882	393.547
4.162176871	393.677
4.167981859	393.662
4.173786848	393.659
4.179591837	393.668
4.185396825	393.56
4.191201814	393.556
4.197006803	393.451
4.202811791	393.354
4.208616780	393.198
4.214421769	393.051
4.220226757	392.904
4.226031746	392.862
4.231836735	392.787
4.237641723	392.929
4.243446712	393.07
4.249251701	393.259
4.255056689	0
4.260861678	0
4.266666667	0
4.272471655	488.696
4.278276644	500.068
4.284081633	504.461
4.289886621	505.627
4.295691610	508.067
4.301496599	510.306
4.307301587	512.536
4.313106576	515.15
4.318911565	515.982
4.324716553	515.621
4.330521542	514.174
4.336326531	510.834
4.342131519	506.796
4.347936508	502.52
4.353741497	498.301
4.359546485	495.151
4.365351474	492.615
4.371156463	489.509
4.376961451	486.408
4.382766440	484.26
4.388571429	481.955
4.394376417	482.822
4.400181406	484.178
4.405986395	484.984
4.411791383	486.444
4.417596372	489.11
4.423401361	493.324
4.429206349	497.544
4.435011338	501.3
4.440816327	505.278
4.446621315	508.836
4.452426304	512.36
4.458231293	516.056
4.464036281	518.977
4.469841270	520.942
4.475646259	521.302
4.481451247	519.947
4.487256236	517.316
4.493061224	514.304
4.498866213	510.706
4.504671202	506.197
4.510476190	500.528
4.516281179	494.982
4.522086168	490.505
4.527891156	485.254
4.533696145	480.167
4.539501134	476.696
4.545306122	474.972
4.551111111	473.993
4.556916100	473.717
4.562721088	474.293
4.568526077	475.521
4.574331066	477.596
4.580136054	480.229
4.585941043	483.465
4.591746032	487.707
4.597551020	492.755
4.603356009	498.614
4.609160998	504.019
4.614965986	508.949
4.620770975	513.724
4.626575964	516.736
4.632380952	518.953
4.638185941	520.415
4.643990930	519.986
4.649795918	517.919
4.655600907	514.91
4.661405896	511.201
4.667210884	505.792
4.673015873	499.532
4.678820862	493.808
4.684625850	488.603
4.690430839	483.9
4.696235828	479.784
4.702040816	476.892
4.707845805	474.963
4.713650794	473.932
4.719455782	473.912
4.725260771	474.67
4.731065760	476.425
4.736870748	478.266
4.742675737	480.502
4.748480726	483.496
4.754285714	486.808
4.760090703	491.173
4.765895692	495.382
4.771700680	498.668
4.777505669	500.59
4.783310658	501.488
4.789115646	501.058
4.794920635	499.314
4.800725624	496.646
4.806530612	493.32
4.812335601	489.607
4.818140590	486.438
4.823945578	485.427
4.829750567	485.506
4.835555556	486.581
4.841360544	488.461
4.847165533	490.423
4.852970522	492.796
4.858775510	494.855
4.864580499	496.238
4.870385488	497.234
4.876190476	497.14
4.881995465	496.605
4.887800454	495.443
4.893605442	493.972
4.899410431	492.974
4.905215420	492.151
4.911020408	491.686
4.916825397	491.311
4.922630385	491.116
4.928435374	491.141
4.934240363	491.489
4.940045351	492.093
4.945850340	492.477
4.951655329	492.648
4.957460317	492.607
4.963265306	492.212
4.969070295	491.797
4.974875283	491.028
4.980680272	490.07
4.986485261	491.694
4.992290249	492.336
4.998095238	491.959
5.003900227	492.352
5.009705215	492.315
5.015510204	493.376
5.021315193	494.718
5.027120181	495.226
5.032925170	495.025
5.038730159	494.384
5.044535147	493.48
5.050340136	492.561
5.056145125	491.832
5.061950113	490.833
5.067755102	489.732
5.073560091	489.744
5.079365079	490.31
5.085170068	491.336
5.090975057	492.077
5.096780045	491.929
5.102585034	492.111
5.108390023	491.55
5.114195011	491.874
5.120000000	492.467
5.125804989	492.349
5.131609977	493.134
5.137414966	493.008
5.143219955	492.671
5.149024943	492.049
5.154829932	491.594
5.160634921	492.138
5.166439909	493.039
5.172244898	494.297
5.178049887	494.762
5.183854875	494.83
5.189659864	494.495
5.195464853	494.033
5.201269841	494.127
5.207074830	494.43
5.212879819	493.821
5.218684807	492.192
5.224489796	491.552
5.230294785	491.568
5.236099773	491.869
5.241904762	492.386
5.247709751	492.362
5.253514739	491.261
5.259319728	490.732
5.265124717	491.551
5.270929705	491.681
5.276734694	491.837
5.282539683	492.058
5.288344671	491.597
5.294149660	492.216
5.299954649	493.165
5.305759637	492.87
5.311564626	492.494
5.317369615	492.402
5.323174603	0
5.328979592	539.972
5.334784580	571.524
5.340589569	582.938
5.346394558	586.772
5.352199546	588.7
5.358004535	589.345
5.363809524	589.971
5.369614512	590.255
5.375419501	590.48
5.381224490	590.749
5.387029478	590.827
5.392834467	590.893
5.398639456	590.779
5.404444444	590.551
5.410249433	590.221
5.416054422	589.852
5.421859410	589.537
5.427664399	589.273
5.433469388	589
5.439274376	588.732
5.445079365	588.388
5.450884354	588.259
5.456689342	588.266
5.462494331	588.462
5.468299320	588.553
5.474104308	588.569
5.479909297	588.42
5.485714286	588.397
5.491519274	588.403
5.497324263	588.4
5.503129252	588.527
5.508934240	588.362
5.514739229	588.39
5.520544218	588.356
5.526349206	588.334
5.532154195	588.362
5.537959184	588.376
5.543764172	588.557
5.549569161	588.833
5.555374150	589.173
5.561179138	589.547
5.566984127	589.698
5.572789116	589.633
5.578594104	589.424
5.584399093	588.958
5.590204082	588.217
5.596009070	587.326
5.601814059	585.969
5.607619048	584.536
5.613424036	582.907
5.619229025	581.311
5.625034014	579.544
5.630839002	576.265
5.636643991	571.395
5.642448980	565.534
5.648253968	559.884
5.654058957	553.348
5.659863946	545.284
5.665668934	539.298
5.671473923	538.446
5.677278912	532.381
5.683083900	528.025
5.688888889	527.674
5.694693878	520.743
5.700498866	520.507
5.706303855	515.844
5.712108844	512.031
5.717913832	510.464
5.723718821	505.437
5.729523810	507.184
5.735328798	507.477
5.741133787	508.903
5.746938776	509.429
5.752743764	506.696
5.758548753	505.419
5.764353741	0
5.770158730	547.315
5.775963719	577.351
5.781768707	588.544
5.787573696	596.789
5.793378685	600.642
5.799183673	602.072
5.804988662	603.175
5.810793651	602.558
5.816598639	602.001
5.822403628	601.289
5.828208617	599.347
5.834013605	598.017
5.839818594	594.857
5.845623583	592.817
5.851428571	582.183
5.857233560	568.068
5.863038549	0
5.868843537	0
5.874648526	514.314
5.880453515	515.399
5.886258503	515.491
5.892063492	515.227
5.897868481	511.009
5.903673469	511.951
5.909478458	510.265
5.915283447	512.336
5.921088435	517.499
5.926893424	517.135
5.932698413	526.177
5.938503401	529.987
5.944308390	537.584
5.950113379	543.745
5.955918367	546.211
5.961723356	544.846
5.967528345	540.782
5.973333333	533.126
5.979138322	528.242
5.984943311	513.004
5.990748299	506.781
5.996553288	501.887
6.002358277	496.101
6.008163265	495.321
6.013968254	494.612
6.019773243	492.687
6.025578231	494.861
6.031383220	494.254
6.037188209	495.364
6.042993197	498.094
6.048798186	495.899
6.054603175	497.35
6.060408163	496.701
6.066213152	496.155
6.072018141	497.658
6.077823129	499.464
6.083628118	500.071
6.089433107	505.952
6.095238095	504.531
6.101043084	505.737
6.106848073	506.406
6.112653061	501.075
6.118458050	502.049
6.124263039	498.609
6.130068027	497.005
6.135873016	497.122
6.141678005	496.252
6.147482993	496.478
6.153287982	496.658
6.159092971	496.229
6.164897959	499.558
6.170702948	0
6.176507937	554.346
6.182312925	579.618
6.188117914	588.624
6.193922902	591.421
6.199727891	592.805
6.205532880	593.185
6.211337868	594.272
6.217142857	594.275
6.222947846	594.758
6.228752834	594.624
6.234557823	594.583
6.240362812	595.288
6.246167800	594.883
6.251972789	595.293
6.257777778	595.556
6.263582766	595.01
6.269387755	595.566
6.275192744	595.746
6.280997732	596.053
6.286802721	596.435
6.292607710	596.403
6.298412698	596.479
6.304217687	596.372
6.310022676	596.736
6.315827664	596.682
6.321632653	597.351
6.327437642	597.357
6.333242630	598.666
6.339047619	598.463
6.344852608	598.77
6.350657596	598.557
6.356462585	597.444
6.362267574	597.49
6.368072562	595.617
6.373877551	594.773
6.379682540	592.892
6.385487528	591.207
6.391292517	590.059
6.397097506	586.635
6.402902494	583.099
6.408707483	568.801
6.414512472	564.886
6.420317460	565.648
6.426122449	535.875
6.431927438	510.009
6.437732426	507.798
6.443537415	506.119
6.449342404	503.783
6.455147392	505.818
6.460952381	503.513
6.466757370	505.372
6.472562358	504.413
6.478367347	504.486
6.484172336	507.003
6.489977324	505.068
6.495782313	509.185
6.501587302	507.185
6.507392290	510.699
6.513197279	509.665
6.519002268	509.958
6.524807256	509.164
6.530612245	505.542
6.536417234	505.832
6.542222222	502.067
6.548027211	502.66
6.553832200	500.255
6.559637188	500.731
6.565442177	500.297
6.571247166	500.116
6.577052154	500.832
6.582857143	500.058
6.588662132	500.408
6.594467120	500.32
6.600272109	500.342
6.606077098	500.658
6.611882086	501.267
6.617687075	500.93
6.623492063	501.984
6.629297052	501.964
6.635102041	501.807
6.640907029	502.855
6.646712018	501.783
6.652517007	502.805
6.658321995	501.793
6.664126984	500.921
6.669931973	505.868
6.675736961	507.069
6.681541950	514.847
6.687346939	0
6.693151927	0
6.698956916	0
6.704761905	0
6.710566893	400.976
6.716371882	401.038
6.722176871	400.643
6.727981859	400.425
6.733786848	400.494
6.739591837	400.39
6.745396825	400.542
6.751201814	400.406
6.757006803	400.281
6.762811791	400.345
6.768616780	400.144
6.774421769	399.636
6.780226757	399.169
6.786031746	398.772
6.791836735	398.668
6.797641723	399.24
6.803446712	398.982
6.809251701	399.498
6.815056689	399.211
6.820861678	399.026
6.826666667	398.953
6.832471655	399.147
6.838276644	399.2
6.844081633	399.51
6.849886621	399.812
6.855691610	399.984
6.861496599	400.708
6.867301587	400.987
6.873106576	401.519
6.878911565	401.927
6.884716553	402.319
6.890521542	402.708
6.896326531	402.879
6.902131519	403.019
6.907936508	403.01
6.913741497	402.781
6.919546485	402.612
6.925351474	401.958
6.931156463	400.762
6.936961451	401.281
6.942766440	0
6.948571429	0
6.954376417	0
6.960181406	331.115
6.965986395	334.883
6.971791383	336.353
6.977596372	335.99
6.983401361	335.367
6.989206349	335.166
6.995011338	335.225
7.000816327	336.798
7.006621315	343.014
7.012426304	0
7.018231293	0
7.024036281	0
7.029841270	0
7.035646259	342.287
7.041451247	339.438
7.047256236	337.724
7.053061224	337.412
7.058866213	336.705
7.064671202	336.645
7.070476190	336.338
7.076281179	336.33
7.082086168	336.047
7.087891156	336.469
7.093696145	336.39
7.099501134	336.675
7.105306122	336.355
7.111111111	336.096
7.116916100	336.507
7.122721088	336.464
7.128526077	336.858
7.134331066	336.728
7.140136054	336.977
7.145941043	337.061
7.151746032	337.269
7.157551020	337.535
7.163356009	337.447
7.169160998	337.413
7.174965986	336.903
7.180770975	336.519
7.186575964	336.055
7.192380952	334.925
7.198185941	0
7.203990930	0
7.209795918	295.44
7.215600907	295.764
7.221405896	296.472
7.227210884	297.122
7.233015873	297.243
7.238820862	297.155
7.244625850	296.816
7.250430839	296.024
7.256235828	295.467
7.262040816	294.987
7.267845805	294.734
7.273650794	294.404
7.279455782	293.978
7.285260771	293.824
7.291065760	293.634
7.296870748	293.754
7.302675737	293.897
7.308480726	294.163
7.314285714	294.219
7.320090703	294.365
7.325895692	294.009
7.331700680	293.987
7.337505669	293.903
7.343310658	294.039
7.349115646	294.198
7.354920635	294.339
7.360725624	294.37
7.366530612	294.262
7.372335601	294.416
7.378140590	294.327
7.383945578	294.63
7.389750567	294.751
7.395555556	294.817
7.401360544	294.831
7.407165533	294.945
7.412970522	295.056
7.418775510	295.428
7.424580499	295.672
7.430385488	295.844
7.436190476	295.851
7.441995465	295.931
7.447800454	295.722
7.453605442	295.575
7.459410431	295.329
7.465215420	294.99
7.471020408	294.912
7.476825397	294.885
7.482630385	295.037
7.488435374	294.985
7.494240363	294.911
7.500045351	294.731
7.505850340	294.809
7.511655329	294.922
7.517460317	294.61
7.523265306	0
7.529070295	0
7.534875283	0
7.540680272	0
7.546485261	0
7.552290249	0
7.558095238	203.097
7.563900227	203.568
7.569705215	203.674
7.575510204	203.517
7.581315193	203.223
7.587120181	202.845
7.592925170	202.032
7.598730159	200.628
7.604535147	198.902
7.610340136	197.548
7.616145125	197.155
7.621950113	196.935
7.627755102	196.461
7.633560091	196.398
7.639365079	196.27
7.645170068	195.591
7.650975057	194.278
7.656780045	193.422
7.662585034	192.948
7.668390023	193.235
7.674195011	193.502
7.680000000	194.197
7.685804989	194.991
7.691609977	196.516
7.697414966	198.055
7.703219955	199.498
7.709024943	200.455
7.714829932	201.592
7.720634921	202.709
7.726439909	203.238
7.732244898	204.042
7.738049887	204.718
7.743854875	205.09
7.749659864	205.749
7.755464853	205.199
7.761269841	205.014
7.767074830	204.223
7.772879819	203.191
7.778684807	201.828
7.784489796	199.995
7.790294785	197.934
7.796099773	196.225
7.801904762	194.868
7.807709751	193.766
7.813514739	192.862
7.819319728	192.287
7.825124717	191.865
7.830929705	191.494
7.836734694	191.379
7.842539683	192.006
7.848344671	192.881
7.854149660	194.222
7.859954649	195.945
7.865759637	197.445
7.871564626	199.13
7.877369615	200.28
7.883174603	200.679
7.888979592	201.645
7.894784580	202.169
7.900589569	202.112
7.906394558	201.903
7.912199546	201.254
7.918004535	200.388
7.923809524	198.848
7.929614512	197.81
7.935419501	197.325
7.941224490	196.771
7.947029478	196.189
7.952834467	195.686
7.958639456	195.329
7.964444444	195.77
7.970249433	196.434
7.976054422	196.849
7.981859410	197.144
7.987664399	197.349
7.993469388	197.306
7.999274376	197.237
8.005079365	197.185
8.010884354	0
8.016689342	0
8.022494331	0
8.028299320	0
8.034104308	0
8.039909297	0
8.045714286	0
8.051519274	0
8.057324263	297.382
8.063129252	297.206
8.068934240	297.462
8.074739229	297.179
8.080544218	297.273
8.086349206	297.029
8.092154195	296.717
8.097959184	296.61
8.103764172	296.508
8.109569161	296.643
8.115374150	296.563
8.121179138	296.528
8.126984127	296.37
8.132789116	296.24
8.138594104	296.095
8.144399093	296.089
8.150204082	296.02
8.156009070	296.137
8.161814059	296.122
8.167619048	296.232
8.173424036	296.361
8.179229025	296.296
8.185034014	296.43
8.190839002	296.258
8.196643991	296.192
8.202448980	296.198
8.208253968	296.222
8.214058957	296.52
8.219863946	296.593
8.225668934	296.768
8.231473923	296.831
8.237278912	296.963
8.243083900	297.234
8.248888889	297.326
8.254693878	297.618
8.260498866	297.662
8.266303855	297.665
8.272108844	297.585
8.277913832	297.232
8.283718821	296.858
8.289523810	296.496
8.295328798	296.598
8.301133787	298.684
8.306938776	298.522
8.312743764	0
8.318548753	0
8.324353741	268.54
8.330158730	267.279
8.335963719	271.019
8.341768707	276.064
8.347573696	279.048
8.353378685	280.625
8.359183673	281.763
8.364988662	283.288
8.370793651	287.282
8.376598639	289.622
8.382403628	291.317
8.388208617	292.077
8.394013605	292.079
8.399818594	292.36
8.405623583	292.365
8.411428571	292.427
8.417233560	292.777
8.423038549	292.73
8.428843537	292.788
8.434648526	292.766
8.440453515	292.816
8.446258503	292.985
8.452063492	293.053
8.457868481	293.425
8.463673469	293.667
8.469478458	294.097
8.475283447	0
8.481088435	0
8.486893424	0
8.492698413	0
8.498503401	0
8.504308390	0
8.510113379	0
8.515918367	0
8.521723356	0
8.527528345	0
8.533333333	0
8.539138322	0
8.544943311	0
8.550748299	0
8.556553288	196.138
8.562358277	195.994
8.568163265	195.845
8.573968254	195.529
8.579773243	195.249
8.585578231	195.197
8.591383220	195.404
8.597188209	195.823
8.602993197	197.044
8.608798186	197.976
8.614603175	198.05
8.620408163	198.211
8.626213152	198.3
8.632018141	198.309
8.637823129	198.451
8.643628118	532.037
8.649433107	533.898
8.655238095	535.121
8.661043084	535.679
8.666848073	537.48
8.672653061	538.798
8.678458050	539.549
8.684263039	541.078
8.690068027	543.283
8.695873016	543.942
8.701678005	546.894
8.707482993	549.913
8.713287982	551.896
8.719092971	552.222
8.724897959	553.218
8.730702948	552.267
8.736507937	549.642
8.742312925	546.561
8.748117914	0
8.753922902	0
8.759727891	0
8.765532880	0
8.771337868	0
8.777142857	0
8.782947846	0
8.788752834	0
8.794557823	0
8.800362812	0
8.806167800	0
8.811972789	394.965
8.817777778	394.967
8.823582766	394.777
8.829387755	394.94
8.835192744	394.735
8.840997732	394.784
8.846802721	394.745
8.852607710	394.688
8.858412698	394.784
8.864217687	394.752
8.870022676	394.738
8.875827664	394.709
8.881632653	394.733
8.887437642	394.786
8.893242630	394.757
8.899047619	394.647
8.904852608	394.396
8.910657596	394.153
8.916462585	393.947
8.922267574	393.841
8.928072562	393.813
8.933877551	393.75
8.939682540	393.791
8.945487528	393.775
8.951292517	393.76
8.957097506	393.898
8.962902494	394.005
8.968707483	394.026
8.974512472	394.005
8.980317460	393.953
8.986122449	393.879
8.991927438	393.927
8.997732426	393.969
9.003537415	394.049
9.009342404	394.148
9.015147392	394.288
9.020952381	394.433
9.026757370	394.492
9.032562358	394.514
9.038367347	394.408
9.044172336	394.444
9.049977324	394.387
9.055782313	394.597
9.061587302	394.806
9.067392290	394.636
9.073197279	394.456
9.079002268	394.246
9.084807256	394.159
9.090612245	394.373
9.096417234	394.753
9.102222222	395.201
9.108027211	395.954
9.113832200	396.798
9.119637188	397.908
9.125442177	398.792
9.131247166	399.959
9.137052154	401.354
9.142857143	403.121
9.148662132	406.748
9.154467120	411.182
9.160272109	416.406
9.166077098	421.163
9.171882086	430.889
9.177687075	441.886
9.183492063	450.331
9.189297052	456.054
9.195102041	469.235
9.200907029	495.304
9.206712018	518.947
9.212517007	537.346
9.218321995	563.562
9.224126984	592.131
9.229931973	607.902
9.235736961	636.607
9.241541950	0
9.247346939	0
9.253151927	0
9.258956916	0
9.264761905	0
9.270566893	0
9.276371882	0
9.282176871	0
9.287981859	0
9.293786848	0
9.299591837	0
9.305396825	0
9.311201814	0
9.317006803	0
9.322811791	0
9.328616780	0
9.334421769	0
9.340226757	0
9.346031746	0
9.351836735	569.369
9.357641723	573.114
9.363446712	573.652
9.369251701	572.027
9.375056689	579.625
9.380861678	580.916
9.386666667	577.604
9.392471655	0
9.398276644	0
9.404081633	0
9.409886621	0
9.415691610	0
9.421496599	0
9.427301587	0
9.433106576	0
9.438911565	0
9.444716553	0
9.450521542	0
9.456326531	0
9.462131519	0
9.467936508	0
9.473741497	0
9.479546485	0
9.485351474	0
9.491156463	0
9.496961451	0
9.502766440	0
9.508571429	0
9.514376417	0
9.520181406	0
9.525986395	0
9.531791383	0
9.537596372	0
9.543401361	0
9.549206349	0
9.555011338	0
9.560816327	0
9.566621315	0
9.572426304	0
9.578231293	0
9.584036281	0
9.589841270	0
9.595646259	0
9.601451247	0
9.607256236	0
9.613061224	0
9.618866213	0
9.624671202	0
9.630476190	0
9.636281179	0
9.642086168	0
9.647891156	0
9.653696145	0
9.659501134	0
9.665306122	0
9.671111111	0
9.676916100	0
9.682721088	0
9.688526077	0
9.694331066	0
9.700136054	778.398
9.705941043	784.773
9.711746032	790.174
9.717551020	791.974
9.723356009	792.333
9.729160998	794.162
9.734965986	796.179
9.740770975	798.018
9.746575964	799.754
9.752380952	800.576
9.758185941	800.444
9.763990930	800.217
9.769795918	798.494
9.775600907	795.809
9.781405896	793.349
9.787210884	791.025
9.793015873	788.272
9.798820862	784.013
9.804625850	777.323
9.810430839	776.505
9.816235828	775.039
9.822040816	778.539
9.827845805	784.824
9.833650794	790.253
9.839455782	795.667
9.845260771	802.192
9.851065760	810.843
9.856870748	820.723
9.862675737	827.302
9.868480726	829.966
9.874285714	833.817
9.880090703	838.752
9.885895692	839.64
9.891700680	844.788
9.897505669	846.189
9.903310658	846.668
9.909115646	841.48
9.914920635	835.907
9.920725624	827.739
9.926530612	818.939
9.932335601	809.301
9.938140590	797.164
9.943945578	787.293
9.949750567	777.909
9.955555556	770.893
9.961360544	765.821
9.967165533	765.371
9.972970522	763.488
9.978775510	768.334
9.984580499	771.161
9.990385488	776.703
9.996190476	781.43
10.001995465	791.322
10.007800454	800.039
10.013605442	805.798
10.019410431	814.75
10.025215420	821.212
10.031020408	828.139
10.036825397	833.568
10.042630385	837.836
10.048435374	847.435
10.054240363	850.961
10.060045351	852.893
10.065850340	850.142
10.071655329	845.703
10.077460317	839.537
10.083265306	833.34
10.089070295	825.776
10.094875283	817.049
10.100680272	803.025
10.106485261	791.649
10.112290249	784.205
10.118095238	782.647
10.123900227	778.66
10.129705215	777.93
10.135510204	778.195
10.141315193	778.288
10.147120181	777.933
10.152925170	780.525
10.158730159	783.965
10.164535147	786.949
10.170340136	791.658
10.176145125	794.881
10.181950113	798.207
10.187755102	800.437
10.193560091	802.776
10.199365079	804.974
10.205170068	806.612
10.210975057	807.845
10.216780045	806.52
10.222585034	802.875
10.228390023	799.239
10.234195011	795.854
10.240000000	794.332
10.245804989	793.333
10.251609977	786.416
10.257414966	0
10.263219955	0
10.269024943	675.65
10.274829932	671.095
10.280634921	668.479
10.286439909	668.953
10.292244898	669.588
10.298049887	669.433
10.303854875	669.385
10.309659864	668.447
10.315464853	668.007
10.321269841	668.1
10.327074830	667.977
10.332879819	667.863
10.338684807	667.992
10.344489796	668.526
10.350294785	667.97
10.356099773	668.297
10.361904762	668.303
10.367709751	668.692
10.373514739	669.306
10.379319728	669.55
10.385124717	669.571
10.390929705	669.318
10.396734694	669.509
10.402539683	669.184
10.408344671	668.461
10.414149660	667.873
10.419954649	667.183
10.425759637	666.866
10.431564626	667.321
10.437369615	667.208
10.443174603	667.144
10.448979592	667.351
10.454784580	666.999
10.460589569	667.116
10.466394558	667.039
10.472199546	666.83
10.478004535	666.664
10.483809524	666.301
10.489614512	666.34
10.495419501	666.103
10.501224490	666.17
10.507029478	666.274
10.512834467	666.116
10.518639456	666.33
10.524444444	666.46
10.530249433	672.237
10.536054422	0
10.541859410	0
10.547664399	786.766
10.553469388	784.739
10.559274376	782.458
10.565079365	783.132
10.570884354	784.434
10.576689342	783.516
10.582494331	783.309
10.588299320	783.566
10.594104308	783.3
10.599909297	783.398
10.605714286	783.679
10.611519274	782.837
10.617324263	782.331
10.623129252	783
10.628934240	782.9
10.634739229	782.891
10.640544218	783.543
10.646349206	783.551
10.652154195	783.576
10.657959184	784.44
10.663764172	784.454
10.669569161	784.065
10.675374150	784.236
10.681179138	784.605
10.686984127	784.557
10.692789116	785.698
10.698594104	786.746
10.704399093	786.713
10.710204082	787.69
10.716009070	787.935
10.721814059	787.104
10.727619048	786.734
10.733424036	786.74
10.739229025	785.631
10.745034014	784.993
10.750839002	784.484
10.756643991	781.817
10.762448980	779.159
10.768253968	774.477
10.774058957	770.552
10.779863946	769.668
10.785668934	749.911
10.791473923	729.759
10.797278912	708.033
10.803083900	688.026
10.808888889	683.068
10.814693878	678.668
10.820498866	676.762
10.826303855	675.581
10.832108844	674.806
10.837913832	674.704
10.843718821	675.435
10.849523810	675.891
10.855328798	676.947
10.861133787	679.554
10.866938776	680.988
10.872743764	681.829
10.878548753	683.287
10.884353741	682.11
10.890158730	678.819
10.895963719	677.63
10.901768707	674.063
10.907573696	671.351
10.913378685	671.327
10.919183673	670.144
10.924988662	669.089
10.930793651	669.191
10.936598639	669.108
10.942403628	669.061
10.948208617	669.339
10.954013605	669.748
10.959818594	669.967
10.965623583	670.237
10.971428571	670.533
10.977233560	670.693
10.983038549	670.447
10.988843537	669.755
10.994648526	669.421
11.000453515	668.366
11.006258503	667.748
11.012063492	667.509
11.017868481	666.864
11.023673469	666.667
11.029478458	666.689
11.035283447	666.23
11.041088435	666.339
11.046893424	667.368
11.052698413	668.247
11.058503401	0
11.064308390	0
11.070113379	0
11.075918367	0
11.081723356	520.785
11.087528345	520.644
11.093333333	522.255
11.099138322	522.969
11.104943311	523.436
11.110748299	525.278
11.116553288	526.393
11.122358277	527.768
11.128163265	528.975
11.133968254	529.455
11.139773243	529.739
11.145578231	529.736
11.151383220	530.435
11.157188209	530.821
11.162993197	531.065
11.168798186	531.019
11.174603175	530.748
11.180408163	531.036
11.186213152	530.989
11.192018141	530.825
11.197823129	530.637
11.203628118	530.647
11.209433107	531.203
11.215238095	531.775
11.221043084	531.99
11.226848073	532.186
11.232653061	532.674
11.238458050	533.503
11.244263039	534.156
11.250068027	534.129
11.255873016	533.7
11.261678005	533.273
11.267482993	532.939
11.273287982	532.593
11.279092971	531.9
11.284897959	530.571
11.290702948	529.049
11.296507937	527.047
11.302312925	523.772
11.308117914	519.423
11.313922902	0
11.319727891	467.66
11.325532880	448.207
11.331337868	446.541
11.337142857	446.02
11.342947846	445.904
11.348752834	446.125
11.354557823	446.693
11.360362812	448.499
11.366167800	452.344
11.371972789	466.136
11.377777778	486.439
11.383582766	493.911
11.389387755	495.353
11.395192744	497.679
11.400997732	498.101
11.406802721	498.027
11.412607710	493.65
11.418412698	482.37
11.424217687	466.302
11.430022676	454.634
11.435827664	450.214
11.441632653	447.957
11.447437642	447.429
11.453242630	447.062
11.459047619	446.821
11.464852608	446.636
11.470657596	446.547
11.476462585	447.045
11.482267574	446.849
11.488072562	446.969
11.493877551	446.704
11.499682540	446.313
11.505487528	446.039
11.511292517	446.033
11.517097506	446.382
11.522902494	446.641
11.528707483	447.16
11.534512472	447.876
11.540317460	448.436
11.546122449	448.698
11.551927438	449.088
11.557732426	449.075
11.563537415	448.529
11.569342404	447.926
11.575147392	446.853
11.580952381	445.539
11.586757370	444.593
11.592562358	443.628
11.598367347	443.326
11.604172336	443.597
11.609977324	0
11.615782313	0
11.621587302	0
11.627392290	397.609
11.633197279	398.523
11.639002268	398.441
11.644807256	398.083
11.650612245	398.431
11.656417234	397.639
11.662222222	399.047
11.668027211	400.675
11.673832200	400.858
11.679637188	400.672
11.685442177	398.969
11.691247166	397.64
11.697052154	396.875
11.702857143	395.62
11.708662132	395.424
11.714467120	396.495
11.720272109	396.562
11.726077098	395.815
11.731882086	395.923
11.737687075	395.227
11.743492063	394.911
11.749297052	394.911
11.755102041	394.811
11.760907029	394.547
11.766712018	394.637
11.772517007	394.954
11.778321995	394.393
11.784126984	394.435
11.789931973	394.543
11.795736961	394.909
11.801541950	394.93
11.807346939	394.791
11.813151927	395.23
11.818956916	395.47
11.824761905	396.306
11.830566893	396.944
11.836371882	0
11.842176871	0
11.847981859	0
11.853786848	0
11.859591837	505.688
11.865396825	522.482
11.871201814	523.051
11.877006803	526.513
11.882811791	527.27
11.888616780	528.295
11.894421769	529.372
11.900226757	529.76
11.906031746	530.568
11.911836735	531.189
11.917641723	531.749
11.923446712	532.262
11.929251701	532.855
11.935056689	532.749
11.940861678	532.654
11.946666667	531.905
11.952471655	531.402
11.958276644	530.913
11.964081633	530.771
11.969886621	529.678
11.975691610	528.696
11.981496599	526.297
11.987301587	525.92
11.993106576	523.134
11.998911565	526.156
12.004716553	524.242
12.010521542	523.369
12.016326531	523.866
12.022131519	520.616
12.027936508	519.195
12.033741497	520.633
12.039546485	524.193
12.045351474	524.769
12.051156463	527.812
12.056961451	528.665
12.062766440	529.528
12.068571429	532.202
12.074376417	536.009
12.080181406	546.595
12.085986395	0
12.091791383	0
12.097596372	0
12.103401361	0
12.109206349	0
12.115011338	0
12.120816327	539.245
12.126621315	542.609
12.132426304	539.234
12.138231293	541.168
12.144036281	538.486
12.149841270	536.652
12.155646259	536.058
12.161451247	535.378
12.167256236	536.84
12.173061224	538.692
12.178866213	547.998
12.184671202	551.861
12.190476190	550.183
12.196281179	550.239
12.202086168	541.666
12.207891156	545.069
12.213696145	540.59
12.219501134	539.791
12.225306122	536.891
12.231111111	533.55
12.236916100	532.346
12.242721088	530.613
12.248526077	530.327
12.254331066	530.234
12.260136054	529.971
12.265941043	528.662
12.271746032	527.416
12.277551020	525.643
12.283356009	526.965
12.289160998	533.023
12.294965986	537.046
12.300770975	541.357
12.306575964	543.427
12.312380952	544.413
12.318185941	547.394
12.323990930	543.396
12.329795918	542.645
12.335600907	540.613
12.341405896	537.635
12.347210884	536.422
12.353015873	534.315
12.358820862	534.305
12.364625850	533.822
12.370430839	534.026
12.376235828	535.062
12.382040816	534.626
12.387845805	536.045
12.393650794	549.717
12.399455782	537.911
12.405260771	0
12.411065760	0
12.416870748	0
12.422675737	526.864
12.428480726	528.524
12.434285714	530.793
12.440090703	531.851
12.445895692	532.087
12.451700680	532.412
12.457505669	532.402
12.463310658	532.357
12.469115646	532.402
12.474920635	532.489
12.480725624	532.752
12.486530612	533.11
12.492335601	533.368
12.498140590	533.808
12.503945578	533.792
12.509750567	533.557
12.515555556	533.293
12.521360544	532.846
12.527165533	532.789
12.532970522	532.708
12.538775510	532.694
12.544580499	533.222
12.550385488	533.134
12.556190476	532.978
12.561995465	533.226
12.567800454	533.212
12.573605442	533.152
12.579410431	533.274
12.585215420	532.919
12.591020408	532.607
12.596825397	532.814
12.602630385	532.874
12.608435374	532.792
12.614240363	532.936
12.620045351	532.712
12.625850340	532.633
12.631655329	532.737
12.637460317	532.785
12.643265306	532.989
12.649070295	533.039
12.654875283	533.24
12.660680272	533.14
12.666485261	533.127
12.672290249	533.082
12.678095238	532.904
12.683900227	532.882
12.689705215	532.849
12.695510204	532.77
12.701315193	532.889
12.707120181	533.117
12.712925170	533.096
12.718730159	533.312
12.724535147	533.178
12.730340136	533.018
12.736145125	532.983
12.741950113	533.065
12.747755102	533.236
12.753560091	533.397
12.759365079	533.704
12.765170068	533.917
12.770975057	534.115
12.776780045	534.349
12.782585034	534.432
12.788390023	534.447
12.794195011	534.623
12.800000000	534.704
12.805804989	534.939
12.811609977	535.098
12.817414966	535.153
12.823219955	535.33
12.829024943	535.366
12.834829932	535.358
12.840634921	535.205
12.846439909	534.945
12.852244898	534.562
12.858049887	534.335
12.863854875	534.065
12.869659864	533.885
12.875464853	533.836
12.881269841	533.916
12.887074830	534.189
12.892879819	534.528
12.898684807	535.017
12.904489796	535.507
12.910294785	535.889
12.916099773	536.229
12.921904762	536.654
12.927709751	536.75
12.933514739	536.642
12.939319728	536.433
12.945124717	535.71
12.950929705	535.153
12.956734694	535.465
12.962539683	538.083
12.968344671	539.702
12.974149660	0
12.979954649	0
12.985759637	0
12.991564626	0
12.997369615	0
13.003174603	0
13.008979592	793.778
13.014784580	789.589
13.020589569	783.973
13.026394558	776.531
13.032199546	768.517
13.038004535	767.289
13.043809524	765.908
13.049614512	761.244
13.055419501	763.241
13.061224490	760.67
13.067029478	765.295
13.072834467	769.075
13.078639456	775.316
13.084444444	782.086
13.090249433	788.464
13.096054422	793.991
13.101859410	799.359
13.107664399	804.914
13.113469388	806.655
13.119274376	810.594
13.125079365	814.013
13.130884354	817.96
13.136689342	820.933
13.142494331	821.094
13.148299320	821.377
13.154104308	817.893
13.159909297	814.245
13.165714286	810.661
13.171519274	803.908
13.177324263	792.734
13.183129252	782.652
13.188934240	776.598
13.194739229	772.784
13.200544218	767.654
13.206349206	767.225
13.212154195	765.385
13.217959184	766.931
13.223764172	768.89
13.229569161	771.651
13.235374150	775.035
13.241179138	779.646
13.246984127	789.393
13.252789116	798.157
13.258594104	805.057
13.264399093	810.981
13.270204082	816.188
13.276009070	821.935
13.281814059	825.856
13.287619048	828.942
13.293424036	833.544
13.299229025	835.868
13.305034014	835.305
13.310839002	832.726
13.316643991	827.477
13.322448980	821.143
13.328253968	814.794
13.334058957	807.486
13.339863946	799.054
13.345668934	789.939
13.351473923	783.256
13.357278912	777.365
13.363083900	767.691
13.368888889	768.66
13.374693878	767.555
13.380498866	769.642
13.386303855	774.17
13.392108844	776.367
13.397913832	783.066
13.403718821	790.099
13.409523810	797.776
13.415328798	804.223
13.421133787	810.406
13.426938776	815.936
13.432743764	821.258
13.438548753	826.068
13.444353741	828.339
13.450158730	830.615
13.455963719	830.579
13.461768707	827.028
13.467573696	822.866
13.473378685	817.871
13.479183673	813.336
13.484988662	805.853
13.490793651	796.631
13.496598639	784.233
13.502403628	776.803
13.508208617	763.119
13.514013605	760.768
13.519818594	759.942
13.525623583	760.276
13.531428571	760.578
13.537233560	762.748
13.543038549	767.404
13.548843537	772.189
13.554648526	780.094
13.560453515	789.756
13.566258503	798.133
13.572063492	804.584
13.577868481	811.815
13.583673469	817.855
13.589478458	821.549
13.595283447	824.618
13.601088435	825.467
13.606893424	825.384
13.612698413	822.673
13.618503401	816.869
13.624308390	809.755
13.630113379	801.099
13.635918367	792.151
13.641723356	787.537
13.647528345	785.077
13.653333333	783.766
13.659138322	789.574
13.664943311	794.161
13.670748299	798.945
13.676553288	802.295
13.682358277	803.748
13.688163265	805.499
13.693968254	806.308
13.699773243	807.631
13.705578231	805.013
13.711383220	803.81
13.717188209	802.619
13.722993197	798.917
13.728798186	801.569
13.734603175	802.105
13.740408163	806.474
13.746213152	813.088
13.752018141	810.599
13.757823129	812.915
13.763628118	812.971
13.769433107	804.012
13.775238095	802.215
13.781043084	800.796
13.786848073	796.027
13.792653061	792.694
13.798458050	791.436
13.804263039	789.53
13.810068027	796.145
13.815873016	797.925
13.821678005	795.881
13.827482993	803.712
13.833287982	796.105
13.839092971	800.306
13.844897959	805.782
13.850702948	799.373
13.856507937	795.829
13.862312925	798.389
13.868117914	798.771
13.873922902	796.263
13.879727891	798.223
13.885532880	795.953
13.891337868	794.474
13.897142857	797.671
13.902947846	799.77
13.908752834	795.335
13.914557823	793.294
13.920362812	795.136
13.926167800	796.211
13.931972789	796.474
13.937777778	796.04
13.943582766	795.039
13.949387755	793.333
13.955192744	798.927
13.960997732	812.069
13.966802721	816.99
13.972607710	813.941
13.978412698	815.218
13.984217687	815.716
13.990022676	814.222
13.995827664	816.593
14.001632653	814.777
14.007437642	812.097
14.013242630	800.855
14.019047619	800.066
14.024852608	798.344
14.030657596	793.113
14.036462585	793.859
14.042267574	789.727
14.048072562	0
14.053877551	0
14.059682540	0
14.065487528	0
14.071292517	594.107
14.077097506	595.136
14.082902494	595.019
14.088707483	595.121
14.094512472	594.658
14.100317460	594.19
14.106122449	593.688
14.111927438	593.196
14.117732426	592.907
14.123537415	592.625
14.129342404	592.608
14.135147392	592.719
14.140952381	592.86
14.146757370	593.121
14.152562358	593.307
14.158367347	593.41
14.164172336	593.525
14.169977324	593.681
14.175782313	593.723
14.181587302	593.972
14.187392290	594.148
14.193197279	594.302
14.199002268	594.548
14.204807256	594.556
14.210612245	594.584
14.216417234	594.507
14.222222222	594.478
14.228027211	594.674
14.233832200	594.801
14.239637188	595.088
14.245442177	595.262
14.251247166	595.202
14.257052154	595.258
14.262857143	595.157
14.268662132	595.124
14.274467120	595.112
14.280272109	595.003
14.286077098	594.88
14.291882086	594.76
14.297687075	594.653
14.303492063	594.606
14.309297052	594.529
14.315102041	594.503
14.320907029	594.458
14.326712018	594.336
14.332517007	594.292
14.338321995	594.216
14.344126984	594.24
14.349931973	594.349
14.355736961	594.407
14.361541950	594.566
14.367346939	594.679
14.373151927	594.81
14.378956916	594.978
14.384761905	595.173
14.390566893	595.368
14.396371882	595.561
14.402176871	595.786
14.407981859	595.883
14.413786848	596.028
14.419591837	596.129
14.425396825	596.203
14.431201814	596.137
14.437006803	595.892
14.442811791	595.679
14.448616780	595.24
14.454421769	594.668
14.460226757	593.758
14.466031746	592.428
14.471836735	591.112
14.477641723	589.894
14.483446712	589.185
14.489251701	588.559
14.495056689	587.96
14.500861678	587.329
14.506666667	585.987
14.512471655	584.235
14.518276644	582.262
14.524081633	580.964
14.529886621	580.878
14.535691610	578.338
14.541496599	574.6
14.547301587	570.584
14.553106576	566.511
14.558911565	560.882
14.564716553	554.637
14.570521542	548.434
14.576326531	545.321
14.582131519	542.867
14.587936508	537.421
14.593741497	536.512
14.599546485	535.816
14.605351474	534.186
14.611156463	537.713
14.616961451	546.557
14.622766440	563.197
14.628571429	569.292
14.634376417	559.021
14.640181406	545.966
14.645986395	528.105
14.651791383	520.245
14.657596372	515.551
14.663401361	513.295
14.669206349	515.095
14.675011338	518.25
14.680816327	517.108
14.686621315	519.477
14.692426304	514.581
14.698231293	505.328
14.704036281	511.938
14.709841270	507.165
14.715646259	515.065
14.721451247	516.941
14.727256236	518.946
14.733061224	521.586
14.738866213	520.299
14.744671202	520.583
14.750476190	513.091
14.756281179	510.879
14.762086168	502.314
14.767891156	504.43
14.773696145	501.276
14.779501134	500.562
14.785306122	500.729
14.791111111	498.932
14.796916100	499.464
14.802721088	498.111
14.808526077	499.731
14.814331066	500.066
14.820136054	502.285
14.825941043	502.697
14.831746032	504.279
14.837551020	503.811
14.843356009	505.714
14.849160998	506.137
14.854965986	503.634
14.860770975	504.67
14.866575964	500.337
14.872380952	501.869
14.878185941	500.091
14.883990930	501.481
14.889795918	501.737
14.895600907	501.721
14.901405896	503.375
14.907210884	513.94
14.913015873	537.667
14.918820862	565.919
14.924625850	583.76
14.930430839	590.901
14.936235828	592.162
14.942040816	594.825
14.947845805	593.587
14.953650794	595.744
14.959455782	594.457
14.965260771	594.825
14.971065760	596.129
14.976870748	594.642
14.982675737	597.426
14.988480726	595.317
14.994285714	596.44
15.000090703	596.069
15.005895692	595.339
15.011700680	595.87
15.017505669	595.296
15.023310658	595.992
15.029115646	595.209
15.034920635	596.322
15.040725624	595.696
15.046530612	595.906
15.052335601	597.002
15.058140590	595.774
15.063945578	597.684
15.069750567	596.279
15.075555556	597.061
15.081360544	597.068
15.087165533	596.82
15.092970522	597.236
15.098775510	596.609
15.104580499	597.027
15.110385488	595.685
15.116190476	595.59
15.121995465	593.875
15.127800454	593.025
15.133605442	592.554
15.139410431	591.004
15.145215420	593.112
15.151020408	590.357
15.156825397	0
15.162630385	555.022
15.168435374	534.451
15.174240363	540.134
15.180045351	542.544
15.185850340	544.235
15.191655329	549.252
15.197460317	552.943
15.203265306	553.057
15.209070295	554.21
15.214875283	552.87
15.220680272	551.323
15.226485261	550.604
15.232290249	546.385
15.238095238	535.185
15.243900227	530.682
15.249705215	519.432
15.255510204	520.428
15.261315193	513.375
15.267120181	512.547
15.272925170	506.659
15.278730159	505.129
15.284535147	504.843
15.290340136	498.979
15.296145125	500.056
15.301950113	496.736
15.307755102	498.602
15.313560091	497.918
15.319365079	496.492
15.325170068	498.323
15.330975057	495.445
15.336780045	496.104
15.342585034	496.479
15.348390023	493.742
15.354195011	496.483
15.360000000	495.374
15.365804989	496.946
15.371609977	497.55
15.377414966	497.661
15.383219955	498.974
15.389024943	498.729
15.394829932	500.665
15.400634921	499.072
15.406439909	499.706
15.412244898	499.025
15.418049887	499.406
15.423854875	500.556
15.429659864	499.627
15.435464853	498.712
15.441269841	0
15.447074830	0
15.452879819	0
15.458684807	0
15.464489796	0
15.470294785	390.577
15.476099773	390.501
15.481904762	391.351
15.487709751	391.113
15.493514739	391.433
15.499319728	391.788
15.505124717	391.633
15.510929705	392.396
15.516734694	392.575
15.522539683	392.761
15.528344671	392.573
15.534149660	392.949
15.539954649	392.481
15.545759637	392.868
15.551564626	392.713
15.557369615	392.016
15.563174603	392.016
15.568979592	391.447
15.574784580	392.071
15.580589569	392.095
15.586394558	392.561
15.592199546	392.323
15.598004535	393.061
15.603809524	393.224
15.609614512	393.143
15.615419501	393.688
15.621224490	393.638
15.627029478	393.974
15.632834467	394.168
15.638639456	394.783
15.644444444	394.752
15.650249433	394.697
15.656054422	394.542
15.661859410	393.635
15.667664399	392.872
15.673469388	392.038
15.679274376	390.305
15.685079365	0
15.690884354	0
15.696689342	0
15.702494331	0
15.708299320	0
15.714104308	0
15.719909297	0
15.725714286	0
15.731519274	0
15.737324263	0
15.743129252	365.218
15.748934240	367.781
15.754739229	369.475
15.760544218	370.872
15.766349206	371.215
15.772154195	370.59
15.777959184	370.185
15.783764172	369.478
15.789569161	367.232
15.795374150	0
15.801179138	330.489
15.806984127	327.739
15.812789116	329.325
15.818594104	330.906
15.824399093	331.218
15.830204082	332.336
15.836009070	333.007
15.841814059	333.403
15.847619048	333.654
15.853424036	333.546
15.859229025	333.483
15.865034014	333.322
15.870839002	333.261
15.876643991	333.268
15.882448980	333.135
15.888253968	332.81
15.894058957	332.663
15.899863946	332.498
15.905668934	332.217
15.911473923	332.442
15.917278912	332.579
15.923083900	333.091
15.928888889	333.553
15.934693878	334.09
15.940498866	334.317
15.946303855	334.374
15.952108844	334.611
15.957913832	334.336
15.963718821	334.137
15.969523810	333.242
15.975328798	331.595
15.981133787	329.799
15.986938776	326.241
15.992743764	316.72
15.998548753	0
16.004353741	295.19
16.010158730	295.54
16.015963719	296.438
16.021768707	296.924
16.027573696	297.381
16.033378685	297.817
16.039183673	297.899
16.044988662	297.901
16.050793651	297.674
16.056598639	297.423
16.062403628	296.94
16.068208617	296.622
16.074013605	296.294
16.079818594	296.033
16.085623583	296.081
16.091428571	295.897
16.097233560	295.934
16.103038549	295.75
16.108843537	295.61
16.114648526	295.493
16.120453515	295.503
16.126258503	295.54
16.132063492	295.689
16.137868481	295.833
16.143673469	295.809
16.149478458	295.941
16.155283447	296.056
16.161088435	296.345
16.166893424	296.517
16.172698413	296.805
16.178503401	296.802
16.184308390	296.878
16.190113379	297.019
16.195918367	297.113
16.201723356	297.211
16.207528345	297.192
16.213333333	297.183
16.219138322	296.908
16.224943311	296.891
16.230748299	296.585
16.236553288	296.234
16.242358277	296.119
16.248163265	295.651
16.253968254	295.401
16.259773243	295.137
16.265578231	294.871
16.271383220	294.546
16.277188209	0
16.282993197	0
16.288798186	0
16.294603175	0
16.300408163	0
16.306213152	0
16.312018141	0
16.317823129	0
16.323628118	0
16.329433107	0
16.335238095	0
16.341043084	0
16.346848073	0
16.352653061	0
16.358458050	0
16.364263039	0
16.370068027	0
16.375873016	193.482
16.381678005	195.552
16.387482993	196.125
16.393287982	196.161
16.399092971	196.712
16.404897959	196.986
16.410702948	197.277
16.416507937	197.837
16.422312925	197.879
16.428117914	198.525
16.433922902	198.647
16.439727891	198.996
16.445532880	199.017
16.451337868	199.293
16.457142857	199.242
16.462947846	199.204
16.468752834	199.352
16.474557823	199.28
16.480362812	199.506
16.486167800	199.587
16.491972789	199.562
16.497777778	199.52
16.503582766	199.396
16.509387755	199.283
16.515192744	199.422
16.520997732	199.318
16.526802721	199.406
16.532607710	199.273
16.538412698	199.181
16.544217687	198.923
16.550022676	198.667
16.555827664	198.667
16.561632653	198.331
16.567437642	198.347
16.573242630	198.235
16.579047619	198.076
16.584852608	198.037
16.590657596	197.898
16.596462585	197.768
16.602267574	197.742
16.608072562	197.678
16.613877551	197.611
16.619682540	197.692
16.625487528	197.59
16.631292517	197.632
16.637097506	197.734
16.642902494	197.645
16.648707483	197.626
16.654512472	197.722
16.660317460	197.753
16.666122449	197.848
16.671927438	197.912
16.677732426	0
16.683537415	0
16.689342404	0
16.695147392	0
16.700952381	0
16.706757370	0
16.712562358	0
16.718367347	0
16.724172336	0
16.729977324	0
16.735782313	0
16.741587302	395.945
16.747392290	396.354
16.753197279	396.607
16.759002268	397.63
16.764807256	398.917
16.770612245	394.533
16.776417234	395.895
16.782222222	395.61
16.788027211	396.192
16.793832200	396.543
16.799637188	396.608
16.805442177	396.924
16.811247166	396.917
16.817052154	396.93
16.822857143	396.894
16.828662132	198.412
16.834467120	198.388
16.840272109	198.363
16.846077098	198.308
16.851882086	198.246
16.857687075	198.161
16.863492063	198.081
16.869297052	198.082
16.875102041	198.057
16.880907029	198.143
16.886712018	198.175
16.892517007	198.242
16.898321995	198.262
16.904126984	198.264
16.909931973	198.324
16.915736961	198.327
16.921541950	198.283
16.927346939	198.201
16.933151927	198.111
16.938956916	198.062
16.944761905	198.086
16.950566893	198.104
16.956371882	198.141
16.962176871	198.164
16.967981859	198.199
16.973786848	198.216
16.979591837	198.261
16.985396825	198.324
16.991201814	198.41
16.997006803	198.457
17.002811791	198.445
17.008616780	198.457
17.014421769	198.447
17.020226757	198.523
17.026031746	198.662
17.031836735	198.751
17.037641723	198.843
17.043446712	198.893
17.049251701	198.919
17.055056689	198.99
17.060861678	199.119
17.066666667	199.357
17.072471655	199.446
17.078276644	199.127
17.084081633	198.067
17.089886621	197.411
17.095691610	197.301
17.101496599	197.409
17.107301587	197.502
17.113106576	197.16
17.118911565	196.808
17.124716553	196.35
17.130521542	196.238
17.136326531	196.371
17.142131519	196.42
17.147936508	196.441
17.153741497	196.387
17.159546485	196.356
17.165351474	196.292
17.171156463	196.198
17.176961451	196.157
17.182766440	196.132
17.188571429	196.094
17.194376417	196.13
17.200181406	196.108
17.205986395	196.021
17.211791383	195.909
17.217596372	195.815
17.223401361	195.857
17.229206349	195.987
17.235011338	196.158
17.240816327	196.282
17.246621315	196.399
17.252426304	196.547
17.258231293	196.712
17.264036281	196.908
17.269841270	197.079
17.275646259	197.239
17.281451247	197.369
17.287256236	197.473
17.293061224	197.541
17.298866213	197.606
17.304671202	197.65
17.310476190	197.641
17.316281179	197.647
17.322086168	197.619
17.327891156	197.626
17.333696145	197.608
17.339501134	197.488
17.345306122	197.322
17.351111111	197.072
17.356916100	196.662
17.362721088	196.328
17.368526077	195.981
17.374331066	197.715
17.380136054	199.491
17.385941043	199.833
17.391746032	199.955
17.397551020	199.972
17.403356009	199.959
17.409160998	199.894
17.414965986	199.806
17.420770975	199.732
17.426575964	199.69
17.432380952	199.643
17.438185941	199.596
17.443990930	199.482
17.449795918	199.236
17.455600907	199.079
17.461405896	198.96
17.467210884	198.952
17.473015873	199.013
17.478820862	199.129
17.484625850	199.25
17.490430839	199.338
17.496235828	199.412
17.502040816	199.527
17.507845805	199.603
17.513650794	199.272
17.519455782	198.7
17.525260771	198.782
17.531065760	198.889
17.536870748	199.005
17.542675737	199.08
17.548480726	199.139
17.554285714	199.165
17.560090703	199.216
17.565895692	199.287
17.571700680	199.32
17.577505669	199.364
17.583310658	199.48
17.589115646	199.233
17.594920635	199.246
17.600725624	199.196
17.606530612	199.105
17.612335601	199.204
17.618140590	199.135
17.623945578	199.077
17.629750567	199.082
17.635555556	199.093
17.641360544	199.187
17.647165533	199.487
17.652970522	199.484
17.658775510	199.49
17.664580499	199.306
17.670385488	199.212
17.676190476	199.204
17.681995465	199.066
17.687800454	199.048
17.693605442	198.942
17.699410431	199.016
17.705215420	199.161
17.711020408	199.332
17.716825397	199.722
17.722630385	199.513
17.728435374	198.392
17.734240363	198.321
17.740045351	198.218
17.745850340	198.378
17.751655329	198.53
17.757460317	198.507
17.763265306	198.626
17.769070295	198.818
17.774875283	199.186
17.780680272	199.482
17.786485261	199.759
17.792290249	199.233
17.798095238	198.512
17.803900227	198.421
17.809705215	198.502
17.815510204	198.503
17.821315193	198.647
17.827120181	198.732
17.832925170	198.895
17.838730159	199.228
17.844535147	199.49
17.850340136	199.706
17.856145125	199.772
17.861950113	199.574
17.867755102	198.551
17.873560091	197.925
17.879365079	197.842
17.885170068	198.008
17.890975057	198.221
17.896780045	198.404
17.902585034	198.461
17.908390023	198.518
17.914195011	198.804
17.920000000	199.068
17.925804989	199.305
17.931609977	199.305
17.937414966	197.617
17.943219955	197.304
17.949024943	197.48
17.954829932	197.835
17.960634921	197.978
17.966439909	198.104
17.972244898	198.219
17.978049887	198.448
17.983854875	198.795
17.989659864	199.07
17.995464853	199.69
18.001269841	199.278
18.007074830	198.021
18.012879819	197.907
18.018684807	197.845
18.024489796	197.949
18.030294785	0
18.036099773	0
18.041904762	0
18.047709751	0
18.053514739	0
18.059319728	0
18.065124717	0
18.070929705	0
18.076734694	0
18.082539683	0
18.088344671	0
18.094149660	396.882
18.099954649	396.112
18.105759637	396.477
18.111564626	396.454
18.117369615	396.763
18.123174603	397.317
18.128979592	397.5
18.134784580	397.948
18.140589569	398.694
18.146394558	396.461
18.152199546	394.778
18.158004535	394.282
18.163809524	394.286
18.169614512	395.267
18.175419501	395.809
18.181224490	396.284
18.187029478	397.125
18.192834467	397.674
18.198639456	398.112
18.204444444	399.343
18.210249433	397.817
18.216054422	397.023
18.221859410	397.006
18.227664399	396.837
18.233469388	396.751
18.239274376	396.824
18.245079365	396.939
18.250884354	397.486
18.256689342	397.955
18.262494331	398.463
18.268299320	399.176
18.274104308	398.712
18.279909297	398.096
18.285714286	397.84
18.291519274	396.496
18.297324263	395.547
18.303129252	394.991
18.308934240	394.756
18.314739229	395.686
18.320544218	396.143
18.326349206	397.268
18.332154195	397.458
18.337959184	395.704
18.343764172	393.2
18.349569161	388.066
18.355374150	389.372
18.361179138	389.986
18.366984127	391.641
18.372789116	397.204
18.378594104	396.721
18.384399093	396.359
18.390204082	394.851
18.396009070	395.02
18.401814059	395.079
18.407619048	396.212
18.413424036	396.589
18.419229025	395.536
18.425034014	396.638
18.430839002	397.525
18.436643991	398.014
18.442448980	401.622
18.448253968	394.295
18.454058957	394.799
18.459863946	395.459
18.465668934	395.404
18.471473923	396.081
18.477278912	396.11
18.483083900	396.128
18.488888889	396.139
18.494693878	395.992
18.500498866	395.918
18.506303855	395.775
18.512108844	395.745
18.517913832	395.668
18.523718821	395.532
18.529523810	395.425
18.535328798	395.248
18.541133787	395.096
18.546938776	394.947
18.552743764	394.946
18.558548753	394.877
18.564353741	394.903
18.570158730	395.01
18.575963719	394.748
18.581768707	394.76
18.587573696	394.511
18.593378685	393.952
18.599183673	394.088
18.604988662	394.108
18.610793651	394.899
18.616598639	395.998
18.622403628	395.929
18.628208617	395.365
18.634013605	395.606
18.639818594	395.704
18.645623583	395.809
18.651428571	395.988
18.657233560	395.766
18.663038549	395.824
18.668843537	395.341
18.674648526	394.887
18.680453515	394.94
18.686258503	394.847
18.692063492	395.084
18.697868481	395.433
18.703673469	395.49
18.709478458	395.652
18.715283447	395.775
18.721088435	396.033
18.726893424	396.335
18.732698413	396.453
18.738503401	396.967
18.744308390	397.086
18.750113379	396.899
18.755918367	396.971
18.761723356	396.849
18.767528345	396.819
18.773333333	397.048
18.779138322	396.772
18.784943311	396.373
18.790748299	396
18.796553288	395.809
18.802358277	395.498
18.808163265	395.551
18.813968254	395.501
18.819773243	395.373
18.825578231	395.241
18.831383220	394.957
18.837188209	394.683
18.842993197	394.342
18.848798186	394.255
18.854603175	394.394
18.860408163	394.789
18.866213152	394.707
18.872018141	395.088
18.877823129	395.053
18.883628118	395.05
18.889433107	395.136
18.895238095	395.052
18.901043084	395.039
18.906848073	395.165
18.912653061	395.276
18.918458050	395.244
18.924263039	395.336
18.930068027	395.208
18.935873016	394.971
18.941678005	394.949
18.947482993	394.843
18.953287982	394.71
18.959092971	395.131
18.964897959	395.532
18.970702948	396.21
18.976507937	397.072
18.982312925	397.774
18.988117914	398.654
18.993922902	402.59
18.999727891	402.283
19.005532880	402.504
19.011337868	398.653
19.017142857	396.596
19.022947846	397.105
19.028752834	395.604
19.034557823	395.603
19.040362812	394.498
19.046167800	393.13
19.051972789	393.624
19.057777778	394.325
19.063582766	393.411
19.069387755	394.562
19.075192744	0
19.080997732	0
19.086802721	0
19.092607710	0
19.098412698	0
19.104217687	0
19.110022676	0
19.115827664	0
19.121632653	0
19.127437642	0
19.133242630	0
19.139047619	0
19.144852608	0
19.150657596	0
19.156462585	0
19.162267574	0
19.168072562	0
19.173877551	0
19.179682540	0
19.185487528	118.346
19.191292517	118.392
19.197097506	118.65
19.202902494	118.833
19.208707483	119.128
19.214512472	119.109
19.220317460	119.117
19.226122449	119.409
19.231927438	0
19.237732426	0
19.243537415	0
19.249342404	0
19.255147392	0
19.260952381	0
19.266757370	0
19.272562358	0
19.278367347	0
19.284172336	0
19.289977324	0
19.295782313	0
19.301587302	0
19.307392290	0
19.313197279	0
19.319002268	0
19.324807256	0
19.330612245	0
19.336417234	0
19.342222222	0
19.348027211	0
19.353832200	0
19.359637188	0
19.365442177	0
19.371247166	0
19.377052154	0
19.382857143	0
19.388662132	0
19.394467120	0
19.400272109	0
19.406077098	0
19.411882086	0
19.417687075	0
19.423492063	0
19.429297052	0
19.435102041	0
19.440907029	0
19.446712018	0
19.452517007	0
19.458321995	0
19.464126984	0
19.469931973	0
19.475736961	0
19.481541950	0
19.487346939	0
19.493151927	0
19.498956916	0
19.504761905	0
19.510566893	0
19.516371882	0
19.522176871	0
19.527981859	0
19.533786848	0
19.539591837	0
19.545396825	0
19.551201814	0
19.557006803	0
19.562811791	0
19.568616780	0
19.574421769	0
19.580226757	0
19.586031746	0
19.591836735	0
19.597641723	0
19.603446712	0
19.609251701	0
19.615056689	0
19.620861678	0
19.626666667	0
19.632471655	0
19.638276644	0
19.644081633	0
19.649886621	0
19.655691610	0
19.661496599	0
19.667301587	0
19.673106576	0
19.678911565	0
19.684716553	0
19.690521542	0
19.696326531	0
19.702131519	0
19.707936508	0
19.713741497	0
19.719546485	0
19.725351474	0
19.731156463	0
19.736961451	0
19.742766440	0
19.748571429	0
19.754376417	0
19.760181406	0
19.765986395	0
19.771791383	0
19.777596372	0
19.783401361	0
19.789206349	0
19.795011338	0
19.800816327	0
19.806621315	0
19.812426304	0
19.818231293	0
19.824036281	0
19.829841270	0
19.835646259	0
19.841451247	0
19.847256236	0
19.853061224	0
19.858866213	0
19.864671202	0
19.870476190	0
19.876281179	0
19.882086168	0
19.887891156	0
19.893696145	0
19.899501134	0
19.905306122	0
19.911111111	0
19.916916100	0
19.922721088	0
19.928526077	0
19.934331066	0
19.940136054	0
19.945941043	0
19.951746032	0
19.957551020	0
19.963356009	0
19.969160998	0
19.974965986	0
19.980770975	0
19.986575964	0
19.992380952	0
19.998185941	0
20.003990930	0
20.009795918	0
20.015600907	0
20.021405896	0
20.027210884	0
20.033015873	0
20.038820862	0
20.044625850	0
20.050430839	0
20.056235828	0
20.062040816	0
20.067845805	0
20.073650794	0
20.079455782	0
20.085260771	0
20.091065760	0
20.096870748	0
20.102675737	0
20.108480726	0
20.114285714	0
20.120090703	0
20.125895692	0
20.131700680	0
20.137505669	0
20.143310658	0
20.149115646	0
20.154920635	0
20.160725624	0
20.166530612	0
20.172335601	0
20.178140590	0
20.183945578	0
20.189750567	0
20.195555556	0
20.201360544	0
20.207165533	0
20.212970522	0
20.218775510	0
20.224580499	0
20.230385488	0
20.236190476	0
20.241995465	0
20.247800454	0
20.253605442	0
20.259410431	0
20.265215420	0
20.271020408	0
20.276825397	0
20.282630385	0
20.288435374	0
20.294240363	0
20.300045351	0
20.305850340	0
20.311655329	0
20.317460317	0
20.323265306	0
20.329070295	0
20.334875283	0
20.340680272	0
20.346485261	0
20.352290249	0
20.358095238	0
20.363900227	0
20.369705215	0
20.375510204	0
20.381315193	0
20.387120181	0
20.392925170	0
20.398730159	0
20.404535147	0
20.410340136	0
20.416145125	0
20.421950113	0
20.427755102	0